-7.626973204142353628e-03 -2.312613941622802826e-04 9.749083077352120119e-05
-7.651704593767481855e-03 -1.097619410712040583e-01 7.155152468767053686e-02
-7.629383341546036243e-03 -3.239978432849257867e-03 2.061873907825723107e-03
-7.631670116419384670e-03 -6.701785053944394124e-03 4.321516407493513831e-03
-7.633833491786450563e-03 -1.058129302273749794e-02 6.853364985307974777e-03
-7.635873432666728453e-03 -1.484331635705455309e-02 9.634496460679677771e-03
-7.637789906075337018e-03 -1.945301308377557492e-02 1.264221032662135764e-02
-7.639582881024731265e-03 -2.437604063264871973e-02 1.585413014696371650e-02
-7.641252328523242751e-03 -2.957872360860591340e-02 1.924831302088856125e-02
-7.642798221577016410e-03 -3.502823270050579862e-02 2.280336630547032811e-02
-7.644220535189416403e-03 -4.069277350707679874e-02 2.649857080177757049e-02
-7.645519246362817226e-03 -4.654178409019308488e-02 3.031400962916832795e-02
-7.646694334098372986e-03 -5.254614010181209161e-02 3.423070203594771876e-02
-7.647745779394976573e-03 -5.867836637426541990e-02 3.823074142281350507e-02
-7.648673565251065502e-03 -6.491285391439248487e-02 4.229743688856333478e-02
-7.649477676665565606e-03 -7.122608130043202312e-02 4.641545764564370541e-02
-7.650158100635653241e-03 -7.759683954691139196e-02 5.057097969625737321e-02
-7.650714826160195242e-03 -8.400645957702952693e-02 5.475183420816216728e-02
-7.651147844236802498e-03 -9.043904152442870659e-02 5.894765708300271634e-02
-7.651457147864412084e-03 -9.688168517685315229e-02 6.315003926902451603e-02
-7.651642732041831832e-03 -1.033247209730204230e-01 6.735267743445912114e-02
2.312613946659265339e-04 7.626973203952562737e-03 9.749083077585597636e-05
1.097619410746149687e-01 7.651704593572604754e-03 7.155152468735492821e-02
3.239978433449689898e-03 7.629383341355962592e-03 2.061873907813286874e-03
6.701785054650298210e-03 7.631670116229178312e-03 4.321516407467519000e-03
1.058129302355924860e-02 7.633833491595814862e-03 6.853364985269012020e-03
1.484331635800223079e-02 7.635873432475539374e-03 9.634496460628671696e-03
1.945301308485481231e-02 7.637789905883734208e-03 1.264221032656051742e-02
2.437604063386349801e-02 7.639582880832641865e-03 1.585413014689415409e-02
2.957872360996217920e-02 7.641252328330743089e-03 1.924831302080985684e-02
3.502823270200833283e-02 7.642798221383248665e-03 2.280336630538053189e-02
4.069277350872910204e-02 7.644220534995458706e-03 2.649857080167740062e-02
4.654178409199664912e-02 7.645519246168529931e-03 3.031400962905560215e-02
5.254614010376892907e-02 7.646694333903295525e-03 3.423070203582095905e-02
5.867836637637977720e-02 7.647745779199331857e-03 3.823074142266941894e-02
6.491285391666501425e-02 7.648673565055373082e-03 4.229743688840123528e-02
7.122608130286275929e-02 7.649477676469394402e-03 4.641545764546504277e-02
7.759683954950387375e-02 7.650158100439927861e-03 5.057097969605912902e-02
8.400645957978701561e-02 7.650714825964504556e-03 5.475183420794335620e-02
9.043904152735045276e-02 7.651147844041309570e-03 5.894765708276202693e-02
9.688168517993638040e-02 7.651457147669144671e-03 6.315003926876097684e-02
1.033247209762659380e-01 7.651642731846570490e-03 6.735267743417047703e-02
-7.743873067028239805e-03 2.314636201917210506e-03 -1.573537497625225601e-03
-8.065478534691417067e-03 4.545040298010800256e-03 -3.101788376948665712e-03
-8.527115335373309027e-03 6.429244915041599541e-03 -4.454293869330258615e-03
-9.059429187096408598e-03 7.948971186434124203e-03 -5.602152749526606579e-03
-9.590800322373287806e-03 9.099147530978473133e-03 -6.521007556473949925e-03
-1.004989411554871488e-02 9.888226533184002118e-03 -7.191468151484538794e-03
-1.036824308594188476e-02 1.033797633482747003e-02 -7.599447809392820621e-03
-1.048274435107533244e-02 1.048274435107672195e-02 -7.736398843438379268e-03
-1.033797633478064117e-02 1.036824308590243542e-02 -7.599447809385009162e-03
-9.888226533088941006e-03 1.004989411547381126e-02 -7.191468151469528232e-03
-9.099147530830638264e-03 9.590800322266633537e-03 -6.521007556452898188e-03
-7.948971186225754423e-03 9.059429186961467928e-03 -5.602152749501659521e-03
-6.429244914766687503e-03 8.527115335215100511e-03 -4.454293869305295077e-03
-4.545040297665827074e-03 8.065478534516022646e-03 -3.101788376926873248e-03
-2.314636201496643713e-03 7.743873066842162090e-03 -1.573537497610436649e-03
-0.000000000000000000e+00 -0.000000000000000000e+00 -0.000000000000000000e+00
-6.008170672064724362e-03 -3.977694980622855530e-04 8.774624090452757825e-05
-4.609183589886978877e-03 -4.860014589399518623e-04 7.800023223145215255e-05
-3.418742871774313550e-03 -5.094709829015928388e-04 6.825296234173345168e-05
-2.425725546241804496e-03 -4.817149116046759720e-04 5.850458884271677505e-05
-1.619113210572405148e-03 -4.162928548335920057e-04 4.875526935975052462e-05
-9.879575302060399078e-04 -3.267849906694838863e-04 3.900516153350964174e-05
-5.213523924644653234e-04 -2.267885179442593246e-04 2.925442301727237252e-05
-2.084123258969480959e-04 -1.299132465517460885e-04 1.950321147458916203e-05
-3.825679746174221114e-05 -4.977681186972974831e-05 9.751684576922358010e-06
-0.000000000000000000e+00 -0.000000000000000000e+00 -0.000000000000000000e+00
3.977694985053630938e-04 6.008170671893720526e-03 8.774624090629428569e-05
4.860014593185879497e-04 4.609183589740079891e-03 7.800023223312079390e-05
5.094709832127072542e-04 3.418742871650696721e-03 6.825296234290131360e-05
4.817149118498217268e-04 2.425725546140037811e-03 5.850458884370750545e-05
4.162928550176088699e-04 1.619113210495089824e-03 4.875526936038375290e-05
3.267849907974207184e-04 9.879575301517480503e-04 3.900516153419568421e-05
2.267885180224313583e-04 5.213523924311546211e-04 2.925442301763822299e-05
1.299132465910026910e-04 2.084123258807603883e-04 1.950321147485394114e-05
4.977681188296251714e-05 3.825679745751979933e-05 9.751684577007332355e-06
