     1.      1.      3.
     2.      3.      4.
     3.      4.      5.
     4.      5.      6.
     5.      6.      7.
     6.      7.      8.
     7.      8.      9.
     8.      9.     10.
     9.     10.     11.
    10.     11.      2.
    11.      2.     13.
    12.     13.     14.
    13.     14.     15.
    14.     15.     16.
    15.     16.     17.
    16.     17.     18.
    17.     18.     19.
    18.     19.     20.
    19.     20.     21.
    20.     21.     22.
    21.     22.     23.
    22.     23.     24.
    23.     24.     25.
    24.     25.     26.
    25.     26.     27.
    26.     27.     28.
    27.     28.     29.
    28.     29.     30.
    29.     30.     31.
    30.     31.     32.
    31.     32.     33.
    32.     33.     34.
    33.     34.     35.
    34.     35.     36.
    35.     36.     37.
    36.     37.     38.
    37.     38.     39.
    38.     39.     40.
    39.     40.     41.
    40.     41.     12.
    41.     12.     43.
    42.     43.     44.
    43.     44.     45.
    44.     45.     46.
    45.     46.     47.
    46.     47.     48.
    47.     48.     49.
    48.     49.     50.
    49.     50.     51.
    50.     51.     42.
    51.     42.     53.
    52.     53.     54.
    53.     54.     55.
    54.     55.     56.
    55.     56.     57.
    56.     57.     58.
    57.     58.     59.
    58.     59.     60.
    59.     60.     61.
    60.     61.     62.
    61.     62.     63.
    62.     63.     64.
    63.     64.     65.
    64.     65.     66.
    65.     66.     67.
    66.     67.     68.
    67.     68.     69.
    68.     69.     70.
    69.     70.     71.
    70.     71.     72.
    71.     72.     73.
    72.     73.     74.
    73.     74.     75.
    74.     75.     76.
    75.     76.     77.
    76.     77.     78.
    77.     78.     79.
    78.     79.     80.
    79.     80.     81.
    80.     81.     52.
    81.     82.     84.
    82.     84.     85.
    83.     85.     86.
    84.     86.     87.
    85.     87.     88.
    86.     88.     89.
    87.     89.     90.
    88.     90.     91.
    89.     91.     92.
    90.     92.     93.
    91.     93.     94.
    92.     94.     95.
    93.     95.     96.
    94.     96.     97.
    95.     97.     98.
    96.     98.     99.
    97.     99.    100.
    98.    100.    101.
    99.    101.    102.
   100.    102.    103.
   101.    103.    104.
   102.    104.    105.
   103.    105.    106.
   104.    106.    107.
   105.    107.    108.
   106.    108.    109.
   107.    109.    110.
   108.    110.    111.
   109.    111.    112.
   110.    112.    113.
   111.    113.    114.
   112.    114.    115.
   113.    115.    116.
   114.    116.    117.
   115.    117.    118.
   116.    118.    119.
   117.    119.    120.
   118.    120.    121.
   119.    121.    122.
   120.    122.    123.
   121.    123.    124.
   122.    124.    125.
   123.    125.    126.
   124.    126.    127.
   125.    127.    128.
   126.    128.    129.
   127.    129.    130.
   128.    130.    131.
   129.    131.    132.
   130.    132.    133.
   131.    133.    134.
   132.    134.    135.
   133.    135.    136.
   134.    136.    137.
   135.    137.    138.
   136.    138.    139.
   137.    139.    140.
   138.    140.    141.
   139.    141.    142.
   140.    142.    143.
   141.    143.    144.
   142.    144.    145.
   143.    145.    146.
   144.    146.    147.
   145.    147.    148.
   146.    148.    149.
   147.    149.    150.
   148.    150.    151.
   149.    151.    152.
   150.    152.    153.
   151.    153.    154.
   152.    154.    155.
   153.    155.    156.
   154.    156.    157.
   155.    157.    158.
   156.    158.    159.
   157.    159.    160.
   158.    160.    161.
   159.    161.    162.
   160.    162.     83.
   161.    163.    165.
   162.    165.    166.
   163.    166.    167.
   164.    167.    168.
   165.    168.    169.
   166.    169.    170.
   167.    170.    171.
   168.    171.    172.
   169.    172.    173.
   170.    173.    174.
   171.    174.    175.
   172.    175.    176.
   173.    176.    177.
   174.    177.    178.
   175.    178.    179.
   176.    179.    180.
   177.    180.    181.
   178.    181.    182.
   179.    182.    183.
   180.    183.    184.
   181.    184.    185.
   182.    185.    186.
   183.    186.    187.
   184.    187.    188.
   185.    188.    189.
   186.    189.    190.
   187.    190.    191.
   188.    191.    192.
   189.    192.    193.
   190.    193.    164.
   191.     42.    194.
   192.    194.    195.
   193.    195.    196.
   194.    196.    197.
   195.    197.    198.
   196.    198.    199.
   197.    199.    200.
   198.    200.    201.
   199.    201.    202.
   200.    202.    203.
   201.    203.    204.
   202.    204.    205.
   203.    205.    206.
   204.    206.    207.
   205.    207.    208.
   206.    208.    209.
   207.    209.    210.
   208.    210.    211.
   209.    211.    212.
   210.    212.    213.
   211.    213.    214.
   212.    214.    215.
   213.    215.    216.
   214.    216.    217.
   215.    217.    218.
   216.    218.    219.
   217.    219.    220.
   218.    220.    221.
   219.    221.    222.
   220.    222.    223.
   221.    223.    224.
   222.    224.    225.
   223.    225.    226.
   224.    226.    227.
   225.    227.    228.
   226.    228.    229.
   227.    229.    230.
   228.    230.    231.
   229.    231.    232.
   230.    232.    233.
   231.    233.    234.
   232.    234.    235.
   233.    235.    236.
   234.    236.    237.
   235.    237.    238.
   236.    238.    239.
   237.    239.    240.
   238.    240.    241.
   239.    241.    242.
   240.    242.    243.
   241.    243.    244.
   242.    244.    245.
   243.    245.    246.
   244.    246.    247.
   245.    247.    248.
   246.    248.    249.
   247.    249.    250.
   248.    250.    251.
   249.    251.    252.
   250.    252.    253.
   251.    253.    254.
   252.    254.    255.
   253.    255.    256.
   254.    256.    257.
   255.    257.    258.
   256.    258.    259.
   257.    259.    260.
   258.    260.    261.
   259.    261.    262.
   260.    262.    263.
   261.    263.    264.
   262.    264.    265.
   263.    265.    266.
   264.    266.    267.
   265.    267.    268.
   266.    268.    269.
   267.    269.    270.
   268.    270.    271.
   269.    271.    272.
   270.    272.    273.
   271.    273.    274.
   272.    274.    275.
   273.    275.    276.
   274.    276.    277.
   275.    277.    278.
   276.    278.    279.
   277.    279.    280.
   278.    280.    281.
   279.    281.    282.
   280.    282.    283.
   281.    283.    284.
   282.    284.    285.
   283.    285.    286.
   284.    286.    287.
   285.    287.    288.
   286.    288.    289.
   287.    289.    290.
   288.    290.    291.
   289.    291.    292.
   290.    292.    164.
   291.    164.    294.
   292.    294.    295.
   293.    295.    296.
   294.    296.    297.
   295.    297.    298.
   296.    298.    299.
   297.    299.    300.
   298.    300.    301.
   299.    301.    302.
   300.    302.    303.
   301.    303.    304.
   302.    304.    305.
   303.    305.    306.
   304.    306.    307.
   305.    307.    308.
   306.    308.    309.
   307.    309.    310.
   308.    310.    311.
   309.    311.    312.
   310.    312.    313.
   311.    313.    314.
   312.    314.    315.
   313.    315.    316.
   314.    316.    317.
   315.    317.    318.
   316.    318.    319.
   317.    319.    320.
   318.    320.    321.
   319.    321.    322.
   320.    322.    323.
   321.    323.    324.
   322.    324.    325.
   323.    325.    326.
   324.    326.    327.
   325.    327.    328.
   326.    328.    329.
   327.    329.    330.
   328.    330.    331.
   329.    331.    332.
   330.    332.    333.
   331.    333.    334.
   332.    334.    335.
   333.    335.    336.
   334.    336.    337.
   335.    337.    338.
   336.    338.    339.
   337.    339.    340.
   338.    340.    341.
   339.    341.    342.
   340.    342.    343.
   341.    343.    344.
   342.    344.    345.
   343.    345.    346.
   344.    346.    347.
   345.    347.    348.
   346.    348.    349.
   347.    349.    350.
   348.    350.    351.
   349.    351.    352.
   350.    352.    353.
   351.    353.    354.
   352.    354.    355.
   353.    355.    356.
   354.    356.    357.
   355.    357.    293.
   356.    358.    360.
   357.    360.    361.
   358.    361.    362.
   359.    362.    363.
   360.    363.    359.
   361.    364.    366.
   362.    366.    367.
   363.    367.    368.
   364.    368.    369.
   365.    369.    370.
   366.    370.    371.
   367.    371.    372.
   368.    372.    373.
   369.    373.    374.
   370.    374.    375.
   371.    375.    376.
   372.    376.    377.
   373.    377.    378.
   374.    378.    379.
   375.    379.    380.
   376.    380.    381.
   377.    381.    382.
   378.    382.    383.
   379.    383.    384.
   380.    384.    385.
   381.    385.    386.
   382.    386.    387.
   383.    387.    388.
   384.    388.    389.
   385.    389.    390.
   386.    390.    391.
   387.    391.    392.
   388.    392.    393.
   389.    393.    394.
   390.    394.    395.
   391.    395.    396.
   392.    396.    397.
   393.    397.    398.
   394.    398.    399.
   395.    399.    400.
   396.    400.    401.
   397.    401.    402.
   398.    402.    403.
   399.    403.    404.
   400.    404.    405.
   401.    405.    406.
   402.    406.    407.
   403.    407.    408.
   404.    408.    409.
   405.    409.    410.
   406.    410.    411.
   407.    411.    412.
   408.    412.    413.
   409.    413.    414.
   410.    414.    415.
   411.    415.    416.
   412.    416.    417.
   413.    417.    418.
   414.    418.    419.
   415.    419.    420.
   416.    420.    421.
   417.    421.    422.
   418.    422.    423.
   419.    423.    424.
   420.    424.    425.
   421.    425.    426.
   422.    426.    427.
   423.    427.    428.
   424.    428.    429.
   425.    429.    430.
   426.    430.    431.
   427.    431.    432.
   428.    432.    433.
   429.    433.    434.
   430.    434.    435.
   431.    435.    436.
   432.    436.    437.
   433.    437.    438.
   434.    438.    439.
   435.    439.    440.
   436.    440.    441.
   437.    441.    442.
   438.    442.    443.
   439.    443.    444.
   440.    444.    445.
   441.    445.    446.
   442.    446.    447.
   443.    447.    448.
   444.    448.    449.
   445.    449.    450.
   446.    450.    451.
   447.    451.    452.
   448.    452.    453.
   449.    453.    454.
   450.    454.    455.
   451.    455.    456.
   452.    456.    457.
   453.    457.    458.
   454.    458.    459.
   455.    459.    460.
   456.    460.    461.
   457.    461.    462.
   458.    462.    463.
   459.    463.    464.
   460.    464.    465.
   461.    465.    466.
   462.    466.    467.
   463.    467.    468.
   464.    468.    469.
   465.    469.    470.
   466.    470.    471.
   467.    471.    472.
   468.    472.    473.
   469.    473.    474.
   470.    474.    475.
   471.    475.    476.
   472.    476.    477.
   473.    477.    478.
   474.    478.    479.
   475.    479.    480.
   476.    480.    481.
   477.    481.    482.
   478.    482.    483.
   479.    483.    484.
   480.    484.    365.
   481.    485.    487.
   482.    487.    488.
   483.    488.    489.
   484.    489.    490.
   485.    490.    491.
   486.    491.    492.
   487.    492.    493.
   488.    493.    494.
   489.    494.    495.
   490.    495.    496.
   491.    496.    497.
   492.    497.    498.
   493.    498.    499.
   494.    499.    500.
   495.    500.    501.
   496.    501.    502.
   497.    502.    503.
   498.    503.    504.
   499.    504.    505.
   500.    505.    506.
   501.    506.    507.
   502.    507.    508.
   503.    508.    509.
   504.    509.    510.
   505.    510.    511.
   506.    511.    512.
   507.    512.    513.
   508.    513.    514.
   509.    514.    515.
   510.    515.    516.
   511.    516.    517.
   512.    517.    518.
   513.    518.    519.
   514.    519.    520.
   515.    520.    521.
   516.    521.    522.
   517.    522.    523.
   518.    523.    524.
   519.    524.    525.
   520.    525.    526.
   521.    526.    527.
   522.    527.    528.
   523.    528.    529.
   524.    529.    530.
   525.    530.    531.
   526.    531.    532.
   527.    532.    533.
   528.    533.    534.
   529.    534.    535.
   530.    535.    536.
   531.    536.    537.
   532.    537.    538.
   533.    538.    539.
   534.    539.    540.
   535.    540.    541.
   536.    541.    542.
   537.    542.    543.
   538.    543.    544.
   539.    544.    545.
   540.    545.    546.
   541.    546.    547.
   542.    547.    548.
   543.    548.    549.
   544.    549.    550.
   545.    550.    551.
   546.    551.    552.
   547.    552.    553.
   548.    553.    554.
   549.    554.    555.
   550.    555.    556.
   551.    556.    557.
   552.    557.    558.
   553.    558.    559.
   554.    559.    560.
   555.    560.    561.
   556.    561.    562.
   557.    562.    563.
   558.    563.    564.
   559.    564.    565.
   560.    565.    566.
   561.    566.    567.
   562.    567.    568.
   563.    568.    569.
   564.    569.    570.
   565.    570.    571.
   566.    571.    572.
   567.    572.    573.
   568.    573.    574.
   569.    574.    575.
   570.    575.    486.
   571.    486.    577.
   572.    577.    578.
   573.    578.    579.
   574.    579.    580.
   575.    580.    581.
   576.    581.    582.
   577.    582.    583.
   578.    583.    584.
   579.    584.    585.
   580.    585.    586.
   581.    586.    587.
   582.    587.    588.
   583.    588.    589.
   584.    589.    590.
   585.    590.    591.
   586.    591.    592.
   587.    592.    593.
   588.    593.    594.
   589.    594.    595.
   590.    595.    596.
   591.    596.    597.
   592.    597.    598.
   593.    598.    599.
   594.    599.    600.
   595.    600.    601.
   596.    601.    602.
   597.    602.    603.
   598.    603.    604.
   599.    604.    605.
   600.    605.    606.
   601.    606.    607.
   602.    607.    608.
   603.    608.    609.
   604.    609.    610.
   605.    610.    611.
   606.    611.    612.
   607.    612.    613.
   608.    613.    614.
   609.    614.    615.
   610.    615.    616.
   611.    616.    617.
   612.    617.    618.
   613.    618.    619.
   614.    619.    620.
   615.    620.    621.
   616.    621.    622.
   617.    622.    623.
   618.    623.    624.
   619.    624.    625.
   620.    625.    576.
   621.    486.    627.
   622.    627.    628.
   623.    628.    629.
   624.    629.    630.
   625.    630.    631.
   626.    631.    632.
   627.    632.    633.
   628.    633.    634.
   629.    634.    635.
   630.    635.    636.
   631.    636.    637.
   632.    637.    638.
   633.    638.    639.
   634.    639.    640.
   635.    640.    626.
   636.    641.    643.
   637.    643.    644.
   638.    644.    645.
   639.    645.    646.
   640.    646.    647.
   641.    647.    648.
   642.    648.    649.
   643.    649.    650.
   644.    650.    651.
   645.    651.    652.
   646.    652.    653.
   647.    653.    654.
   648.    654.    655.
   649.    655.    656.
   650.    656.    657.
   651.    657.    658.
   652.    658.    659.
   653.    659.    660.
   654.    660.    661.
   655.    661.    662.
   656.    662.    663.
   657.    663.    664.
   658.    664.    665.
   659.    665.    666.
   660.    666.    667.
   661.    667.    668.
   662.    668.    669.
   663.    669.    670.
   664.    670.    671.
   665.    671.    672.
   666.    672.    673.
   667.    673.    674.
   668.    674.    675.
   669.    675.    676.
   670.    676.    677.
   671.    677.    678.
   672.    678.    679.
   673.    679.    680.
   674.    680.    681.
   675.    681.    682.
   676.    682.    683.
   677.    683.    684.
   678.    684.    685.
   679.    685.    686.
   680.    686.    687.
   681.    687.    688.
   682.    688.    689.
   683.    689.    690.
   684.    690.    691.
   685.    691.    692.
   686.    692.    693.
   687.    693.    694.
   688.    694.    695.
   689.    695.    696.
   690.    696.    697.
   691.    697.    698.
   692.    698.    699.
   693.    699.    700.
   694.    700.    701.
   695.    701.    702.
   696.    702.    703.
   697.    703.    704.
   698.    704.    705.
   699.    705.    706.
   700.    706.    642.
   701.    642.    708.
   702.    708.    709.
   703.    709.    710.
   704.    710.    711.
   705.    711.    712.
   706.    712.    713.
   707.    713.    714.
   708.    714.    715.
   709.    715.    716.
   710.    716.    717.
   711.    717.    718.
   712.    718.    719.
   713.    719.    720.
   714.    720.    721.
   715.    721.    722.
   716.    722.    723.
   717.    723.    724.
   718.    724.    725.
   719.    725.    726.
   720.    726.    727.
   721.    727.    728.
   722.    728.    729.
   723.    729.    730.
   724.    730.    731.
   725.    731.    732.
   726.    732.    733.
   727.    733.    734.
   728.    734.    735.
   729.    735.    736.
   730.    736.    737.
   731.    737.    738.
   732.    738.    739.
   733.    739.    740.
   734.    740.    741.
   735.    741.    742.
   736.    742.    743.
   737.    743.    744.
   738.    744.    745.
   739.    745.    746.
   740.    746.    747.
   741.    747.    748.
   742.    748.    749.
   743.    749.    750.
   744.    750.    751.
   745.    751.    752.
   746.    752.    753.
   747.    753.    754.
   748.    754.    755.
   749.    755.    756.
   750.    756.    707.
   751.    642.    758.
   752.    758.    759.
   753.    759.    760.
   754.    760.    761.
   755.    761.    762.
   756.    762.    763.
   757.    763.    764.
   758.    764.    765.
   759.    765.    766.
   760.    766.    767.
   761.    767.    768.
   762.    768.    769.
   763.    769.    770.
   764.    770.    771.
   765.    771.    772.
   766.    772.    773.
   767.    773.    774.
   768.    774.    775.
   769.    775.    776.
   770.    776.    777.
   771.    777.    778.
   772.    778.    779.
   773.    779.    780.
   774.    780.    781.
   775.    781.    782.
   776.    782.    783.
   777.    783.    784.
   778.    784.    785.
   779.    785.    786.
   780.    786.    787.
   781.    787.    788.
   782.    788.    789.
   783.    789.    790.
   784.    790.    791.
   785.    791.    792.
   786.    792.    793.
   787.    793.    794.
   788.    794.    795.
   789.    795.    796.
   790.    796.    797.
   791.    797.    798.
   792.    798.    799.
   793.    799.    800.
   794.    800.    801.
   795.    801.    802.
   796.    802.    803.
   797.    803.    804.
   798.    804.    805.
   799.    805.    806.
   800.    806.    807.
   801.    807.    808.
   802.    808.    809.
   803.    809.    810.
   804.    810.    811.
   805.    811.    812.
   806.    812.    813.
   807.    813.    814.
   808.    814.    815.
   809.    815.    816.
   810.    816.    817.
   811.    817.    818.
   812.    818.    819.
   813.    819.    820.
   814.    820.    821.
   815.    821.    822.
   816.    822.    823.
   817.    823.    824.
   818.    824.    825.
   819.    825.    826.
   820.    826.    827.
   821.    827.    828.
   822.    828.    829.
   823.    829.    830.
   824.    830.    831.
   825.    831.    832.
   826.    832.    833.
   827.    833.    834.
   828.    834.    835.
   829.    835.    836.
   830.    836.    837.
   831.    837.    838.
   832.    838.    839.
   833.    839.    840.
   834.    840.    841.
   835.    841.    842.
   836.    842.    843.
   837.    843.    844.
   838.    844.    845.
   839.    845.    846.
   840.    846.    847.
   841.    847.    848.
   842.    848.    849.
   843.    849.    850.
   844.    850.    851.
   845.    851.    852.
   846.    852.    853.
   847.    853.    854.
   848.    854.    855.
   849.    855.    856.
   850.    856.    857.
   851.    857.    858.
   852.    858.    859.
   853.    859.    860.
   854.    860.    861.
   855.    861.    862.
   856.    862.    863.
   857.    863.    864.
   858.    864.    865.
   859.    865.    866.
   860.    866.    867.
   861.    867.    868.
   862.    868.    869.
   863.    869.    870.
   864.    870.    871.
   865.    871.    872.
   866.    872.    873.
   867.    873.    874.
   868.    874.    875.
   869.    875.    876.
   870.    876.    877.
   871.    877.    878.
   872.    878.    879.
   873.    879.    880.
   874.    880.    881.
   875.    881.    757.
   876.    642.    883.
   877.    883.    884.
   878.    884.    885.
   879.    885.    886.
   880.    886.    887.
   881.    887.    888.
   882.    888.    889.
   883.    889.    890.
   884.    890.    891.
   885.    891.    892.
   886.    892.    893.
   887.    893.    894.
   888.    894.    895.
   889.    895.    896.
   890.    896.    897.
   891.    897.    898.
   892.    898.    899.
   893.    899.    900.
   894.    900.    901.
   895.    901.    902.
   896.    902.    903.
   897.    903.    904.
   898.    904.    905.
   899.    905.    906.
   900.    906.    907.
   901.    907.    908.
   902.    908.    909.
   903.    909.    910.
   904.    910.    911.
   905.    911.    912.
   906.    912.    913.
   907.    913.    914.
   908.    914.    915.
   909.    915.    916.
   910.    916.    917.
   911.    917.    918.
   912.    918.    919.
   913.    919.    920.
   914.    920.    921.
   915.    921.    922.
   916.    922.    923.
   917.    923.    924.
   918.    924.    925.
   919.    925.    926.
   920.    926.    927.
   921.    927.    928.
   922.    928.    929.
   923.    929.    930.
   924.    930.    931.
   925.    931.    932.
   926.    932.    933.
   927.    933.    934.
   928.    934.    935.
   929.    935.    936.
   930.    936.    937.
   931.    937.    938.
   932.    938.    939.
   933.    939.    940.
   934.    940.    941.
   935.    941.    942.
   936.    942.    943.
   937.    943.    944.
   938.    944.    945.
   939.    945.    946.
   940.    946.    882.
   941.    947.    949.
   942.    949.    950.
   943.    950.    951.
   944.    951.    952.
   945.    952.    953.
   946.    953.    954.
   947.    954.    955.
   948.    955.    956.
   949.    956.    957.
   950.    957.    958.
   951.    958.    959.
   952.    959.    960.
   953.    960.    961.
   954.    961.    962.
   955.    962.    963.
   956.    963.    964.
   957.    964.    965.
   958.    965.    966.
   959.    966.    967.
   960.    967.    968.
   961.    968.    969.
   962.    969.    970.
   963.    970.    971.
   964.    971.    972.
   965.    972.    973.
   966.    973.    974.
   967.    974.    975.
   968.    975.    976.
   969.    976.    977.
   970.    977.    978.
   971.    978.    979.
   972.    979.    980.
   973.    980.    981.
   974.    981.    982.
   975.    982.    983.
   976.    983.    984.
   977.    984.    985.
   978.    985.    986.
   979.    986.    987.
   980.    987.    988.
   981.    988.    989.
   982.    989.    990.
   983.    990.    991.
   984.    991.    992.
   985.    992.    993.
   986.    993.    994.
   987.    994.    995.
   988.    995.    996.
   989.    996.    997.
   990.    997.    998.
   991.    998.    999.
   992.    999.   1000.
   993.   1000.   1001.
   994.   1001.   1002.
   995.   1002.   1003.
   996.   1003.   1004.
   997.   1004.   1005.
   998.   1005.   1006.
   999.   1006.   1007.
  1000.   1007.   1008.
  1001.   1008.   1009.
  1002.   1009.   1010.
  1003.   1010.   1011.
  1004.   1011.   1012.
  1005.   1012.   1013.
  1006.   1013.   1014.
  1007.   1014.   1015.
  1008.   1015.   1016.
  1009.   1016.   1017.
  1010.   1017.   1018.
  1011.   1018.   1019.
  1012.   1019.   1020.
  1013.   1020.   1021.
  1014.   1021.   1022.
  1015.   1022.   1023.
  1016.   1023.   1024.
  1017.   1024.   1025.
  1018.   1025.   1026.
  1019.   1026.   1027.
  1020.   1027.   1028.
  1021.   1028.   1029.
  1022.   1029.   1030.
  1023.   1030.   1031.
  1024.   1031.   1032.
  1025.   1032.   1033.
  1026.   1033.   1034.
  1027.   1034.   1035.
  1028.   1035.   1036.
  1029.   1036.   1037.
  1030.   1037.   1038.
  1031.   1038.   1039.
  1032.   1039.   1040.
  1033.   1040.   1041.
  1034.   1041.   1042.
  1035.   1042.   1043.
  1036.   1043.   1044.
  1037.   1044.   1045.
  1038.   1045.   1046.
  1039.   1046.   1047.
  1040.   1047.   1048.
  1041.   1048.   1049.
  1042.   1049.   1050.
  1043.   1050.   1051.
  1044.   1051.   1052.
  1045.   1052.   1053.
  1046.   1053.   1054.
  1047.   1054.   1055.
  1048.   1055.   1056.
  1049.   1056.   1057.
  1050.   1057.   1058.
  1051.   1058.   1059.
  1052.   1059.   1060.
  1053.   1060.   1061.
  1054.   1061.   1062.
  1055.   1062.   1063.
  1056.   1063.   1064.
  1057.   1064.   1065.
  1058.   1065.   1066.
  1059.   1066.   1067.
  1060.   1067.   1068.
  1061.   1068.   1069.
  1062.   1069.   1070.
  1063.   1070.   1071.
  1064.   1071.   1072.
  1065.   1072.   1073.
  1066.   1073.   1074.
  1067.   1074.   1075.
  1068.   1075.   1076.
  1069.   1076.   1077.
  1070.   1077.    948.
  1071.   1078.   1080.
  1072.   1080.   1081.
  1073.   1081.   1082.
  1074.   1082.   1083.
  1075.   1083.   1084.
  1076.   1084.   1085.
  1077.   1085.   1086.
  1078.   1086.   1087.
  1079.   1087.   1088.
  1080.   1088.   1089.
  1081.   1089.   1090.
  1082.   1090.   1091.
  1083.   1091.   1092.
  1084.   1092.   1093.
  1085.   1093.   1094.
  1086.   1094.   1095.
  1087.   1095.   1096.
  1088.   1096.   1097.
  1089.   1097.   1098.
  1090.   1098.   1099.
  1091.   1099.   1100.
  1092.   1100.   1101.
  1093.   1101.   1102.
  1094.   1102.   1103.
  1095.   1103.   1079.
  1096.   1079.   1105.
  1097.   1105.   1106.
  1098.   1106.   1107.
  1099.   1107.   1108.
  1100.   1108.   1109.
  1101.   1109.   1110.
  1102.   1110.   1111.
  1103.   1111.   1112.
  1104.   1112.   1113.
  1105.   1113.   1114.
  1106.   1114.   1115.
  1107.   1115.   1116.
  1108.   1116.   1117.
  1109.   1117.   1118.
  1110.   1118.   1119.
  1111.   1119.   1120.
  1112.   1120.   1121.
  1113.   1121.   1122.
  1114.   1122.   1123.
  1115.   1123.   1104.
  1116.   1104.   1125.
  1117.   1125.   1126.
  1118.   1126.   1127.
  1119.   1127.   1128.
  1120.   1128.   1129.
  1121.   1129.   1130.
  1122.   1130.   1131.
  1123.   1131.   1132.
  1124.   1132.   1133.
  1125.   1133.   1134.
  1126.   1134.   1135.
  1127.   1135.   1136.
  1128.   1136.   1137.
  1129.   1137.   1138.
  1130.   1138.   1139.
  1131.   1139.   1140.
  1132.   1140.   1141.
  1133.   1141.   1142.
  1134.   1142.   1143.
  1135.   1143.   1124.
  1136.   1124.   1145.
  1137.   1145.   1146.
  1138.   1146.   1147.
  1139.   1147.   1148.
  1140.   1148.   1149.
  1141.   1149.   1150.
  1142.   1150.   1151.
  1143.   1151.   1152.
  1144.   1152.   1153.
  1145.   1153.   1154.
  1146.   1154.   1155.
  1147.   1155.   1156.
  1148.   1156.   1157.
  1149.   1157.   1158.
  1150.   1158.   1159.
  1151.   1159.   1160.
  1152.   1160.   1161.
  1153.   1161.   1162.
  1154.   1162.   1163.
  1155.   1163.   1164.
  1156.   1164.   1165.
  1157.   1165.   1166.
  1158.   1166.   1167.
  1159.   1167.   1168.
  1160.   1168.   1169.
  1161.   1169.   1170.
  1162.   1170.   1171.
  1163.   1171.   1172.
  1164.   1172.   1173.
  1165.   1173.   1174.
  1166.   1174.   1175.
  1167.   1175.   1176.
  1168.   1176.   1177.
  1169.   1177.   1178.
  1170.   1178.   1179.
  1171.   1179.   1180.
  1172.   1180.   1181.
  1173.   1181.   1182.
  1174.   1182.   1183.
  1175.   1183.   1144.
  1176.   1079.   1185.
  1177.   1185.   1186.
  1178.   1186.   1187.
  1179.   1187.   1188.
  1180.   1188.   1189.
  1181.   1189.   1190.
  1182.   1190.   1191.
  1183.   1191.   1192.
  1184.   1192.   1193.
  1185.   1193.   1194.
  1186.   1194.   1195.
  1187.   1195.   1196.
  1188.   1196.   1197.
  1189.   1197.   1198.
  1190.   1198.   1199.
  1191.   1199.   1200.
  1192.   1200.   1201.
  1193.   1201.   1202.
  1194.   1202.   1203.
  1195.   1203.   1204.
  1196.   1204.   1205.
  1197.   1205.   1206.
  1198.   1206.   1207.
  1199.   1207.   1208.
  1200.   1208.   1209.
  1201.   1209.   1210.
  1202.   1210.   1211.
  1203.   1211.   1212.
  1204.   1212.   1213.
  1205.   1213.   1214.
  1206.   1214.   1215.
  1207.   1215.   1216.
  1208.   1216.   1217.
  1209.   1217.   1218.
  1210.   1218.   1219.
  1211.   1219.   1220.
  1212.   1220.   1221.
  1213.   1221.   1222.
  1214.   1222.   1223.
  1215.   1223.   1224.
  1216.   1224.   1225.
  1217.   1225.   1226.
  1218.   1226.   1227.
  1219.   1227.   1228.
  1220.   1228.   1229.
  1221.   1229.   1230.
  1222.   1230.   1231.
  1223.   1231.   1232.
  1224.   1232.   1233.
  1225.   1233.   1184.
  1226.   1104.   1235.
  1227.   1235.   1236.
  1228.   1236.   1237.
  1229.   1237.   1238.
  1230.   1238.   1239.
  1231.   1239.   1240.
  1232.   1240.   1241.
  1233.   1241.   1242.
  1234.   1242.   1243.
  1235.   1243.   1244.
  1236.   1244.   1245.
  1237.   1245.   1246.
  1238.   1246.   1247.
  1239.   1247.   1248.
  1240.   1248.   1249.
  1241.   1249.   1250.
  1242.   1250.   1251.
  1243.   1251.   1252.
  1244.   1252.   1253.
  1245.   1253.   1254.
  1246.   1254.   1255.
  1247.   1255.   1256.
  1248.   1256.   1257.
  1249.   1257.   1258.
  1250.   1258.   1259.
  1251.   1259.   1260.
  1252.   1260.   1261.
  1253.   1261.   1262.
  1254.   1262.   1263.
  1255.   1263.   1264.
  1256.   1264.   1265.
  1257.   1265.   1266.
  1258.   1266.   1267.
  1259.   1267.   1268.
  1260.   1268.   1269.
  1261.   1269.   1270.
  1262.   1270.   1271.
  1263.   1271.   1272.
  1264.   1272.   1273.
  1265.   1273.   1274.
  1266.   1274.   1275.
  1267.   1275.   1276.
  1268.   1276.   1277.
  1269.   1277.   1278.
  1270.   1278.   1279.
  1271.   1279.   1280.
  1272.   1280.   1281.
  1273.   1281.   1282.
  1274.   1282.   1283.
  1275.   1283.   1234.
  1276.   1124.   1285.
  1277.   1285.   1286.
  1278.   1286.   1287.
  1279.   1287.   1288.
  1280.   1288.   1289.
  1281.   1289.   1290.
  1282.   1290.   1291.
  1283.   1291.   1292.
  1284.   1292.   1293.
  1285.   1293.   1294.
  1286.   1294.   1295.
  1287.   1295.   1296.
  1288.   1296.   1297.
  1289.   1297.   1298.
  1290.   1298.   1299.
  1291.   1299.   1300.
  1292.   1300.   1301.
  1293.   1301.   1302.
  1294.   1302.   1303.
  1295.   1303.   1304.
  1296.   1304.   1305.
  1297.   1305.   1306.
  1298.   1306.   1307.
  1299.   1307.   1308.
  1300.   1308.   1309.
  1301.   1309.   1310.
  1302.   1310.   1311.
  1303.   1311.   1312.
  1304.   1312.   1313.
  1305.   1313.   1314.
  1306.   1314.   1315.
  1307.   1315.   1316.
  1308.   1316.   1317.
  1309.   1317.   1318.
  1310.   1318.   1319.
  1311.   1319.   1320.
  1312.   1320.   1321.
  1313.   1321.   1322.
  1314.   1322.   1323.
  1315.   1323.   1324.
  1316.   1324.   1325.
  1317.   1325.   1326.
  1318.   1326.   1327.
  1319.   1327.   1328.
  1320.   1328.   1329.
  1321.   1329.   1330.
  1322.   1330.   1331.
  1323.   1331.   1332.
  1324.   1332.   1333.
  1325.   1333.   1284.
  1326.     52.   1334.
  1327.   1334.   1335.
  1328.   1335.   1336.
  1329.   1336.   1337.
  1330.   1337.   1338.
  1331.   1338.   1339.
  1332.   1339.   1340.
  1333.   1340.   1341.
  1334.   1341.   1342.
  1335.   1342.   1343.
  1336.   1343.   1344.
  1337.   1344.   1345.
  1338.   1345.   1346.
  1339.   1346.   1347.
  1340.   1347.   1348.
  1341.   1348.     82.
  1342.     83.   1349.
  1343.   1349.   1350.
  1344.   1350.   1351.
  1345.   1351.   1352.
  1346.   1352.   1353.
  1347.   1353.   1354.
  1348.   1354.   1355.
  1349.   1355.   1356.
  1350.   1356.   1357.
  1351.   1357.   1358.
  1352.   1358.   1359.
  1353.   1359.   1360.
  1354.   1360.   1361.
  1355.   1361.   1362.
  1356.   1362.   1363.
  1357.   1363.    163.
  1358.    293.   1364.
  1359.   1364.   1365.
  1360.   1365.   1366.
  1361.   1366.   1367.
  1362.   1367.   1368.
  1363.   1368.   1369.
  1364.   1369.   1370.
  1365.   1370.   1371.
  1366.   1371.   1372.
  1367.   1372.   1373.
  1368.   1373.   1374.
  1369.   1374.   1375.
  1370.   1375.   1376.
  1371.   1376.   1377.
  1372.   1377.   1378.
  1373.   1378.    358.
  1374.    359.   1379.
  1375.   1379.   1380.
  1376.   1380.   1381.
  1377.   1381.   1382.
  1378.   1382.   1383.
  1379.   1383.   1384.
  1380.   1384.   1385.
  1381.   1385.   1386.
  1382.   1386.   1387.
  1383.   1387.   1388.
  1384.   1388.   1389.
  1385.   1389.   1390.
  1386.   1390.   1391.
  1387.   1391.   1392.
  1388.   1392.   1393.
  1389.   1393.    364.
  1390.    365.   1394.
  1391.   1394.   1395.
  1392.   1395.   1396.
  1393.   1396.   1397.
  1394.   1397.   1398.
  1395.   1398.   1399.
  1396.   1399.   1400.
  1397.   1400.   1401.
  1398.   1401.   1402.
  1399.   1402.   1403.
  1400.   1403.   1404.
  1401.   1404.   1405.
  1402.   1405.   1406.
  1403.   1406.   1407.
  1404.   1407.   1408.
  1405.   1408.    485.
  1406.    626.   1409.
  1407.   1409.   1410.
  1408.   1410.   1411.
  1409.   1411.   1412.
  1410.   1412.   1413.
  1411.   1413.   1414.
  1412.   1414.   1415.
  1413.   1415.   1416.
  1414.   1416.   1417.
  1415.   1417.   1418.
  1416.   1418.   1419.
  1417.   1419.   1420.
  1418.   1420.   1421.
  1419.   1421.   1422.
  1420.   1422.   1423.
  1421.   1423.    641.
  1422.    882.   1424.
  1423.   1424.   1425.
  1424.   1425.   1426.
  1425.   1426.   1427.
  1426.   1427.   1428.
  1427.   1428.   1429.
  1428.   1429.   1430.
  1429.   1430.   1431.
  1430.   1431.   1432.
  1431.   1432.   1433.
  1432.   1433.   1434.
  1433.   1434.   1435.
  1434.   1435.   1436.
  1435.   1436.   1437.
  1436.   1437.   1438.
  1437.   1438.    947.
  1438.    948.   1439.
  1439.   1439.   1440.
  1440.   1440.   1441.
  1441.   1441.   1442.
  1442.   1442.   1443.
  1443.   1443.   1444.
  1444.   1444.   1445.
  1445.   1445.   1446.
  1446.   1446.   1447.
  1447.   1447.   1448.
  1448.   1448.   1449.
  1449.   1449.   1450.
  1450.   1450.   1451.
  1451.   1451.   1452.
  1452.   1452.   1453.
  1453.   1453.   1078.
