     1 0.0000000000e+00
     2 1.1059473328e-03
     3 4.6537817061e-07
     4 9.9539259550e-07
     5 2.3286194660e-06
     6 4.5939599052e-06
     7 7.8062420198e-06
     8 1.2000340015e-05
     9 1.7220110820e-05
    10 2.3512973580e-05
    11 3.0928098559e-05
    12 3.9515678995e-05
    13 4.9326642405e-05
    14 6.0412466170e-05
    15 7.2825070101e-05
    16 8.6616765507e-05
    17 1.0184022068e-04
    18 1.1854836914e-04
    19 1.3679440223e-04
    20 1.5663190032e-04
    21 1.7811444044e-04
    22 2.0129589996e-04
    23 2.2623043659e-04
    24 2.5297223278e-04
    25 2.8157574214e-04
    26 3.1209547146e-04
    27 3.4458604249e-04
    28 3.7910238606e-04
    29 4.1569932028e-04
    30 4.5443190077e-04
    31 4.9535522960e-04
    32 5.3852449774e-04
    33 5.8399502404e-04
    34 6.3182215641e-04
    35 6.8206140338e-04
    36 7.3476833863e-04
    37 7.8999841615e-04
    38 8.4780741717e-04
    39 9.0825094912e-04
    40 9.7138493868e-04
    41 1.0372651355e-03
    42 2.2489776463e-03
    43 1.6814685338e-02
    44 2.3055794874e-03
    45 2.3679053077e-03
    46 2.4358675291e-03
    47 2.5093478792e-03
    48 2.5882003100e-03
    49 2.6722579399e-03
    50 2.7613392484e-03
    51 2.8552511810e-03
    52 2.9537966073e-03
    53 3.0567732689e-03
    54 3.1639818556e-03
    55 3.2752246529e-03
    56 3.3903072820e-03
    57 3.5090412562e-03
    58 3.6312433363e-03
    59 3.7567405738e-03
    60 3.8853614318e-03
    61 4.0169456000e-03
    62 4.1513365725e-03
    63 4.2883860767e-03
    64 4.4279506167e-03
    65 4.5698939380e-03
    66 4.7140846229e-03
    67 4.8603966203e-03
    68 5.0087080241e-03
    69 5.1589028205e-03
    70 5.3108687479e-03
    71 5.4644964610e-03
    72 5.6196817201e-03
    73 5.7763226470e-03
    74 5.9343201426e-03
    75 6.0935778341e-03
    76 6.2540032871e-03
    77 6.4155052532e-03
    78 6.5779962412e-03
    79 6.7413870319e-03
    80 6.9055950866e-03
    81 7.0705368272e-03
    82 7.2361299033e-03
    83 7.4022953098e-03
    84 7.5689556091e-03
    85 7.7360314808e-03
    86 7.9034473832e-03
    87 8.0711292527e-03
    88 8.2390035602e-03
    89 8.4069962420e-03
    90 8.5750362401e-03
    91 8.7430523161e-03
    92 8.9109743796e-03
    93 9.0787319920e-03
    94 9.2462581099e-03
    95 9.4134836264e-03
    96 9.5803410979e-03
    97 9.7467649948e-03
    98 9.9126878273e-03
    99 1.0078045817e-02
   100 1.0242772005e-02
   101 1.0406798729e-02
   102 1.0570072200e-02
   103 1.0732528061e-02
   104 1.0894085603e-02
   105 1.1054703553e-02
   106 1.1214311362e-02
   107 1.1372848480e-02
   108 1.1530255383e-02
   109 1.1686462164e-02
   110 1.1841419801e-02
   111 1.1995068896e-02
   112 1.2147341162e-02
   113 1.2298178327e-02
   114 1.2447532027e-02
   115 1.2595344298e-02
   116 1.2741548257e-02
   117 1.2886086406e-02
   118 1.3028911850e-02
   119 1.3169958447e-02
   120 1.3309169595e-02
   121 1.3446509186e-02
   122 1.3581892007e-02
   123 1.3715292238e-02
   124 1.3846635261e-02
   125 1.3975876393e-02
   126 1.4102970875e-02
   127 1.4227845310e-02
   128 1.4350465446e-02
   129 1.4470768471e-02
   130 1.4588711028e-02
   131 1.4704240627e-02
   132 1.4817305120e-02
   133 1.4927852910e-02
   134 1.5035842447e-02
   135 1.5141222597e-02
   136 1.5243933408e-02
   137 1.5343944768e-02
   138 1.5441206444e-02
   139 1.5535670039e-02
   140 1.5627287070e-02
   141 1.5716019208e-02
   142 1.5801819068e-02
   143 1.5884649965e-02
   144 1.5964455873e-02
   145 1.6041210964e-02
   146 1.6114860421e-02
   147 1.6185380270e-02
   148 1.6252716882e-02
   149 1.6316837893e-02
   150 1.6377711271e-02
   151 1.6435296218e-02
   152 1.6489552574e-02
   153 1.6540461077e-02
   154 1.6587983666e-02
   155 1.6632083499e-02
   156 1.6672725295e-02
   157 1.6709902558e-02
   158 1.6743563758e-02
   159 1.6773704837e-02
   160 1.6800286149e-02
   161 1.6823288025e-02
   162 1.6842692619e-02
   163 1.6858483368e-02
   164 1.6870636339e-02
   165 1.6879138495e-02
   166 1.6883979028e-02
   167 1.6885139474e-02
   168 1.6882622890e-02
   169 1.6876415607e-02
   170 1.6866524179e-02
   171 1.6852931594e-02
   172 1.6835649689e-02
   173 1.7092300013e-02
   174 2.1247621918e-02
   175 1.7176710069e-02
   176 1.7263948267e-02
   177 1.7354128050e-02
   178 1.7447363622e-02
   179 1.7543766993e-02
   180 1.7643447644e-02
   181 1.7746503964e-02
   182 1.7853059910e-02
   183 1.7963213090e-02
   184 1.8077051182e-02
   185 1.8194673733e-02
   186 1.8316183359e-02
   187 1.8441666605e-02
   188 1.8571194203e-02
   189 1.8704868448e-02
   190 1.8842743874e-02
   191 1.8984920178e-02
   192 1.9131436745e-02
   193 1.9282377469e-02
   194 1.9437785152e-02
   195 1.9597726798e-02
   196 1.9762251818e-02
   197 1.9931394916e-02
   198 2.0105202315e-02
   199 2.0283707551e-02
   200 2.0466946864e-02
   201 2.0654936287e-02
   202 2.0847702957e-02
   203 2.1045261495e-02
   204 2.4469819274e-02
   205 6.4880977730e-02
   206 2.4590702610e-02
   207 2.4716969297e-02
   208 2.4848611749e-02
   209 2.4985622798e-02
   210 2.5127982464e-02
   211 2.5275669389e-02
   212 2.5428665455e-02
   213 2.5586937274e-02
   214 2.5750450942e-02
   215 2.5919181262e-02
   216 2.6093069610e-02
   217 2.6272080780e-02
   218 2.6456171253e-02
   219 2.6645280280e-02
   220 2.6839357521e-02
   221 2.7038340861e-02
   222 2.7242177040e-02
   223 2.7450798298e-02
   224 2.7664137731e-02
   225 2.7882135070e-02
   226 2.8104714529e-02
   227 2.8331806866e-02
   228 2.8563340835e-02
   229 2.8799231521e-02
   230 2.9039421663e-02
   231 2.9283821910e-02
   232 2.9532360122e-02
   233 2.9784950288e-02
   234 3.0041519066e-02
   235 3.0301981935e-02
   236 3.0566262224e-02
   237 3.0834282898e-02
   238 3.1105957488e-02
   239 3.1381208577e-02
   240 3.1659957635e-02
   241 3.1942108266e-02
   242 3.2227600684e-02
   243 3.2516347325e-02
   244 3.2808260570e-02
   245 3.3103262199e-02
   246 3.3401284106e-02
   247 3.3702238855e-02
   248 3.4006049190e-02
   249 3.4312638151e-02
   250 3.4621929133e-02
   251 3.4933855029e-02
   252 3.5248321711e-02
   253 3.5565272108e-02
   254 3.5884632062e-02
   255 3.6206317479e-02
   256 3.6530274115e-02
   257 3.6856409139e-02
   258 3.7184669710e-02
   259 3.7514974030e-02
   260 3.7847269995e-02
   261 3.8181486873e-02
   262 3.8517544884e-02
   263 3.8855394167e-02
   264 3.9194965148e-02
   265 3.9536200084e-02
   266 3.9879031062e-02
   267 4.0223390887e-02
   268 4.0569242547e-02
   269 4.0916500820e-02
   270 4.1265129635e-02
   271 4.1615055117e-02
   272 4.1966232475e-02
   273 4.2318608308e-02
   274 4.2672129682e-02
   275 4.3026734547e-02
   276 4.3382370809e-02
   277 4.3738997262e-02
   278 4.4096563304e-02
   279 4.4455018809e-02
   280 4.4814314265e-02
   281 4.5174400474e-02
   282 4.5535239134e-02
   283 4.5896781929e-02
   284 4.6258991241e-02
   285 4.6621810646e-02
   286 4.6985213173e-02
   287 4.7349152667e-02
   288 4.7713583796e-02
   289 4.8078481203e-02
   290 4.8443790274e-02
   291 4.8809486904e-02
   292 4.9175527032e-02
   293 4.9541877388e-02
   294 4.9908514837e-02
   295 5.0275396718e-02
   296 5.0642481367e-02
   297 5.1009756267e-02
   298 5.1377180412e-02
   299 5.1744722692e-02
   300 5.2112362179e-02
   301 5.2480068848e-02
   302 5.2847812528e-02
   303 5.3215563686e-02
   304 5.3583302979e-02
   305 5.3951011195e-02
   306 5.4318660119e-02
   307 5.4686221119e-02
   308 5.5053676325e-02
   309 5.5421007898e-02
   310 5.5788198425e-02
   311 5.6155221042e-02
   312 5.6522068512e-02
   313 5.6888714616e-02
   314 5.7255143061e-02
   315 5.7621347628e-02
   316 5.7987302925e-02
   317 5.8353003307e-02
   318 5.8718423866e-02
   319 5.9083569387e-02
   320 5.9448415192e-02
   321 5.9812957279e-02
   322 6.0177191064e-02
   323 6.0541102870e-02
   324 6.0904678992e-02
   325 6.1267916240e-02
   326 6.1630820971e-02
   327 6.1993370763e-02
   328 6.2355572423e-02
   329 6.2717414101e-02
   330 6.3078903029e-02
   331 6.3440037350e-02
   332 6.3800805537e-02
   333 6.4161215746e-02
   334 6.4521276803e-02
   335 6.3844499542e-02
   336 2.2930498292e-02
   337 6.3376794542e-02
   338 6.2908293918e-02
   339 6.2439031567e-02
   340 6.1969002274e-02
   341 6.1498260164e-02
   342 6.1026800503e-02
   343 6.0554657852e-02
   344 6.0081847556e-02
   345 5.9608414733e-02
   346 5.9134365214e-02
   347 5.8659744234e-02
   348 5.8184557823e-02
   349 5.7708851799e-02
   350 5.7232652329e-02
   351 5.6755976022e-02
   352 5.6278869021e-02
   353 5.5801357708e-02
   354 5.5323479066e-02
   355 5.4845250221e-02
   356 5.4366717919e-02
   357 5.3887919231e-02
   358 5.3408871796e-02
   359 5.2929632776e-02
   360 5.2450229980e-02
   361 5.1970691372e-02
   362 5.1491064592e-02
   363 5.1011377749e-02
   364 5.0531688860e-02
   365 5.0052026517e-02
   366 4.9572429385e-02
   367 4.9092936022e-02
   368 4.8613595264e-02
   369 4.8134446147e-02
   370 4.7655537790e-02
   371 4.7176899674e-02
   372 4.6698591476e-02
   373 4.6220652781e-02
   374 4.5743133507e-02
   375 4.5266074042e-02
   376 4.4789515012e-02
   377 4.4313526401e-02
   378 4.3838139846e-02
   379 4.3363406131e-02
   380 4.2889376801e-02
   381 4.2416103510e-02
   382 4.1943638730e-02
   383 4.1472044021e-02
   384 4.1001353070e-02
   385 4.0531638422e-02
   386 4.0062933974e-02
   387 3.9595323347e-02
   388 3.9128841230e-02
   389 3.8663552441e-02
   390 3.8199512581e-02
   391 3.7736787521e-02
   392 3.7275423832e-02
   393 3.6815498644e-02
   394 3.6357069879e-02
   395 3.5900196474e-02
   396 3.5444957330e-02
   397 3.4991393166e-02
   398 3.4539585040e-02
   399 3.4089614526e-02
   400 3.3641525696e-02
   401 3.3195402010e-02
   402 3.2751328908e-02
   403 3.2309353470e-02
   404 3.1869582723e-02
   405 3.1432067084e-02
   406 3.0996896845e-02
   407 3.0564164640e-02
   408 3.0133934859e-02
   409 2.9706303496e-02
   410 2.9281358445e-02
   411 2.8859190462e-02
   412 2.8439891538e-02
   413 2.8023556785e-02
   414 2.7610283731e-02
   415 2.7200172750e-02
   416 2.6793336103e-02
   417 2.6389871239e-02
   418 2.5989906088e-02
   419 2.5593535121e-02
   420 2.5200893733e-02
   421 2.4812103339e-02
   422 2.4427278824e-02
   423 2.4046568673e-02
   424 2.3670106886e-02
   425 2.3298032040e-02
   426 2.4520040725e-02
   427 2.2566759478e-02
   428 2.2205054803e-02
   429 2.1845546153e-02
   430 2.1488385213e-02
   431 2.1133742144e-02
   432 2.0781805598e-02
   433 2.0432757537e-02
   434 2.0086807535e-02
   435 1.9744168874e-02
   436 1.9405066953e-02
   437 1.9069739463e-02
   438 1.8738438900e-02
   439 1.8411441066e-02
   440 1.8089026574e-02
   441 1.7771492491e-02
   442 1.7459162271e-02
   443 1.7152356705e-02
   444 1.6851433054e-02
   445 1.6556765932e-02
   446 1.6268730495e-02
   447 1.5987745575e-02
   448 1.5714216025e-02
   449 1.5448603285e-02
   450 1.5191347306e-02
   451 1.4942942264e-02
   452 1.4703859958e-02
   453 1.4474613844e-02
   454 1.4255706400e-02
   455 1.4047670340e-02
   456 1.3851024933e-02
   457 1.3666296561e-02
   458 1.3494006956e-02
   459 1.3334668982e-02
   460 1.3188780862e-02
   461 1.3056820225e-02
   462 1.2939236270e-02
   463 1.2836447201e-02
   464 1.2748831666e-02
   465 1.2676721613e-02
   466 1.2620398352e-02
   467 1.2580087843e-02
   468 1.2555953571e-02
   469 1.2548099240e-02
   470 1.2556560744e-02
   471 1.2581308745e-02
   472 1.2622247454e-02
   473 1.2679221227e-02
   474 1.2752010926e-02
   475 1.2840341444e-02
   476 1.2943887478e-02
   477 1.3062277233e-02
   478 1.3195098261e-02
   479 1.3341904807e-02
   480 1.3502233335e-02
   481 1.3675571471e-02
   482 1.3861435240e-02
   483 1.4059284067e-02
   484 1.4268609927e-02
   485 1.4488892877e-02
   486 1.4719614644e-02
   487 1.4960256338e-02
   488 1.5210326935e-02
   489 1.5469331058e-02
   490 1.5736812716e-02
   491 1.6012306672e-02
   492 1.6295373995e-02
   493 1.6585592882e-02
   494 1.6882567949e-02
   495 1.7185905288e-02
   496 1.7495253722e-02
   497 1.7810247874e-02
   498 1.8130571442e-02
   499 1.8455901206e-02
   500 1.8785947521e-02
   501 1.9120426870e-02
   502 1.9459081141e-02
   503 1.9801647459e-02
   504 2.0147887090e-02
   505 2.0497598812e-02
   506 2.0850552995e-02
   507 2.1206554640e-02
   508 2.1565413725e-02
   509 2.1926957975e-02
   510 2.2291017754e-02
   511 2.2657439585e-02
   512 2.3026079875e-02
   513 2.3396785737e-02
   514 2.3769429221e-02
   515 2.4143882787e-02
   516 2.3979595178e-02
   517 7.8793851604e-02
   518 2.3556606214e-02
   519 2.3137077223e-02
   520 2.2721171289e-02
   521 2.2309063964e-02
   522 2.1900943411e-02
   523 2.1497012652e-02
   524 2.1097488486e-02
   525 2.0702612423e-02
   526 2.0312618804e-02
   527 1.9927784519e-02
   528 1.9548409159e-02
   529 1.9174786197e-02
   530 1.8807243544e-02
   531 1.8446138859e-02
   532 1.8091851928e-02
   533 1.7744766935e-02
   534 1.7405319066e-02
   535 1.7073956945e-02
   536 1.6751146267e-02
   537 1.6437402075e-02
   538 1.6133234670e-02
   539 1.5839217280e-02
   540 1.5555908508e-02
   541 1.5283916273e-02
   542 1.5023868754e-02
   543 1.4776387497e-02
   544 1.4542130275e-02
   545 1.4321767034e-02
   546 1.4115941941e-02
   547 1.3925322799e-02
   548 1.3750557583e-02
   549 1.3592275746e-02
   550 1.3451077613e-02
   551 1.3327526880e-02
   552 1.3222140229e-02
   553 1.3135378621e-02
   554 1.3067638024e-02
   555 1.3019241822e-02
   556 1.2990433964e-02
   557 1.2981373794e-02
   558 1.2992132976e-02
   559 1.3022693594e-02
   560 1.3072939300e-02
   561 1.3142697218e-02
   562 1.3231683081e-02
   563 1.3339546962e-02
   564 1.3465861418e-02
   565 1.3610168043e-02
   566 1.3771918575e-02
   567 1.3950562622e-02
   568 1.4145488498e-02
   569 1.4356061917e-02
   570 1.4581651732e-02
   571 1.4821620042e-02
   572 1.5075301284e-02
   573 1.5342070745e-02
   574 1.5621280212e-02
   575 1.5912322519e-02
   576 1.6214606211e-02
   577 1.6527538399e-02
   578 1.6850572337e-02
   579 1.7183176850e-02
   580 1.7524846182e-02
   581 1.7875108572e-02
   582 1.8233482480e-02
   583 1.8599558033e-02
   584 1.8972923536e-02
   585 1.9353196379e-02
   586 1.9740010396e-02
   587 2.0133034753e-02
   588 2.0531937689e-02
   589 2.0936430235e-02
   590 2.1346238464e-02
   591 2.1761087541e-02
   592 2.2180747843e-02
   593 2.2604975064e-02
   594 2.3033548931e-02
   595 2.3466287941e-02
   596 2.3902998515e-02
   597 2.4343491719e-02
   598 2.4787621443e-02
   599 2.5235215113e-02
   600 2.5686155105e-02
   601 2.6140271337e-02
   602 2.6597472107e-02
   603 2.7057620265e-02
   604 2.7520614710e-02
   605 2.7986341663e-02
   606 2.8454716205e-02
   607 2.8925642708e-02
   608 2.9399043057e-02
   609 2.9874832274e-02
   610 3.0352939001e-02
   611 3.0833300251e-02
   612 3.1315844992e-02
   613 3.1800509689e-02
   614 3.2287253148e-02
   615 3.2776010357e-02
   616 3.3266737906e-02
   617 3.3759386380e-02
   618 3.4253927016e-02
   619 3.4750316291e-02
   620 3.5248503691e-02
   621 3.5748477621e-02
   622 3.6250192166e-02
   623 3.6753622171e-02
   624 3.7258740526e-02
   625 3.7765541979e-02
   626 3.8273975574e-02
   627 3.8784041560e-02
   628 3.9295720378e-02
   629 3.9808994172e-02
   630 4.0323833797e-02
   631 4.0840251552e-02
   632 4.1358233555e-02
   633 4.1877748104e-02
   634 4.2398811090e-02
   635 4.2921409761e-02
   636 4.3445527470e-02
   637 4.3971176415e-02
   638 4.4498342037e-02
   639 4.5027033535e-02
   640 4.5557251494e-02
   641 4.6088998030e-02
   642 4.6622261194e-02
   643 4.7157052541e-02
   644 4.7693391627e-02
   645 4.8231267196e-02
   646 4.8770679020e-02
   647 4.9311659801e-02
   648 4.9854203004e-02
   649 5.0398326084e-02
   650 5.0944035189e-02
   651 5.1491334582e-02
   652 5.2040254893e-02
   653 5.2590791868e-02
   654 5.3142979317e-02
   655 5.3696820798e-02
   656 5.4252334598e-02
   657 5.4809536681e-02
   658 5.5368450689e-02
   659 5.5929093395e-02
   660 5.6491482027e-02
   661 5.7055645691e-02
   662 5.7621595389e-02
   663 5.8189367630e-02
   664 5.8758971789e-02
   665 5.9330442595e-02
   666 5.9903801806e-02
   667 6.0479084599e-02
   668 6.1056296534e-02
   669 6.1635489981e-02
   670 6.2216678349e-02
   671 6.2799895552e-02
   672 6.3385173420e-02
   673 6.3972547430e-02
   674 6.4562040329e-02
   675 6.5153692099e-02
   676 6.5747535344e-02
   677 6.6343596971e-02
   678 6.6941931319e-02
   679 6.7542557842e-02
   680 6.8145519723e-02
   681 6.8750850757e-02
   682 6.9358607009e-02
   683 6.9968805694e-02
   684 7.0581507655e-02
   685 7.1196742971e-02
   686 7.1814558087e-02
   687 7.2434991216e-02
   688 7.3058090491e-02
   689 7.3683906235e-02
   690 7.4312483336e-02
   691 7.4943860705e-02
   692 7.5578098798e-02
   693 7.6215236815e-02
   694 7.6855330401e-02
   695 7.7498431543e-02
   696 7.8144587132e-02
   697 7.8771642535e-02
   698 5.9896192635e-02
   699 7.8099272039e-02
   700 7.7428278219e-02
   701 7.6758822080e-02
   702 7.6091040485e-02
   703 7.5425074675e-02
   704 7.4761107339e-02
   705 7.4099278186e-02
   706 7.3439741504e-02
   707 7.2782689678e-02
   708 7.2128269715e-02
   709 7.1476669129e-02
   710 7.0828064968e-02
   711 7.0182640194e-02
   712 6.9540569479e-02
   713 6.8902074072e-02
   714 6.8267324109e-02
   715 6.7636529929e-02
   716 6.7009893577e-02
   717 6.6387634014e-02
   718 6.5769952280e-02
   719 6.5157089766e-02
   720 6.4549250428e-02
   721 6.3946665967e-02
   722 6.3349581623e-02
   723 6.2758231705e-02
   724 6.2172863783e-02
   725 6.1593714404e-02
   726 6.1021043361e-02
   727 6.0455115206e-02
   728 4.6827385317e-02
   729 2.5733973704e-02
   730 4.6034793569e-02
   731 4.5245114103e-02
   732 4.4458773112e-02
   733 4.3676208686e-02
   734 4.2897900285e-02
   735 4.2124321659e-02
   736 4.1356010873e-02
   737 4.0593514290e-02
   738 3.9837400239e-02
   739 3.9088288178e-02
   740 3.8346817392e-02
   741 3.7613682491e-02
   742 3.6889599038e-02
   743 3.6175323354e-02
   744 3.5471670737e-02
   745 3.4779484532e-02
   746 3.4099664071e-02
   747 3.3433150052e-02
   748 3.2780928487e-02
   749 3.2144062509e-02
   750 3.1523626941e-02
   751 3.0920769976e-02
   752 3.0336682699e-02
   753 2.9772598076e-02
   754 2.9229792568e-02
   755 2.8709595525e-02
   756 2.8213330342e-02
   757 2.7742368328e-02
   758 2.7298091157e-02
   759 2.6881872566e-02
   760 2.6495069554e-02
   761 2.6139010211e-02
   762 2.5814971615e-02
   763 2.5524161710e-02
   764 2.5267699546e-02
   765 2.5046593968e-02
   766 2.4861715962e-02
   767 2.4713817412e-02
   768 2.4603447388e-02
   769 2.4531016575e-02
   770 2.4496708708e-02
   771 2.4500553763e-02
   772 2.4542346982e-02
   773 2.4621721747e-02
   774 2.4738117035e-02
   775 2.4890798882e-02
   776 2.5078884602e-02
   777 2.5301322169e-02
   778 2.5556966862e-02
   779 2.5844554198e-02
   780 2.6162767170e-02
   781 2.6510200618e-02
   782 2.6885415903e-02
   783 2.7286951156e-02
   784 2.7713347293e-02
   785 2.8163142465e-02
   786 2.8634880123e-02
   787 2.9127158715e-02
   788 2.9638613538e-02
   789 3.0167886772e-02
   790 3.0713703608e-02
   791 3.1274833786e-02
   792 3.1850087616e-02
   793 3.2438328732e-02
   794 3.3038491082e-02
   795 3.3649548586e-02
   796 3.4270527423e-02
   797 3.4900510659e-02
   798 3.5538630736e-02
   799 3.6184059085e-02
   800 3.6836018649e-02
   801 3.7493761443e-02
   802 3.8156605646e-02
   803 3.8823881168e-02
   804 3.9494972292e-02
   805 4.0169277255e-02
   806 4.0846248875e-02
   807 4.1525346828e-02
   808 4.2206086509e-02
   809 4.2887973541e-02
   810 4.3570562470e-02
   811 4.4253424167e-02
   812 4.4936152974e-02
   813 4.5618356980e-02
   814 4.6299664949e-02
   815 4.6979720055e-02
   816 4.7658190986e-02
   817 4.8334762015e-02
   818 4.9009106381e-02
   819 4.9680944025e-02
   820 5.0349978618e-02
   821 5.1015947432e-02
   822 5.1678592152e-02
   823 5.2337648513e-02
   824 5.2992879575e-02
   825 5.3644054303e-02
   826 5.4290953005e-02
   827 5.4933340906e-02
   828 5.5571029806e-02
   829 5.6203801242e-02
   830 5.6831459501e-02
   831 5.7453829363e-02
   832 5.8070701762e-02
   833 5.8681913764e-02
   834 5.9287292404e-02
   835 5.9886659595e-02
   836 6.0479854783e-02
   837 6.1066720866e-02
   838 6.1647092822e-02
   839 6.2220822055e-02
   840 6.2787770613e-02
   841 6.3347785581e-02
   842 6.3900717875e-02
   843 6.4446442741e-02
   844 6.4984815491e-02
   845 6.5515712522e-02
   846 6.6039000572e-02
   847 6.6554550456e-02
   848 6.7062248562e-02
   849 6.7561969738e-02
   850 6.8053585174e-02
   851 6.8536990698e-02
   852 6.9012067968e-02
   853 6.9478710734e-02
   854 6.9936807298e-02
   855 7.0386247442e-02
   856 7.0826931101e-02
   857 7.1258745368e-02
   858 7.1681596304e-02
   859 7.2095384025e-02
   860 7.2500015096e-02
   861 7.2895388435e-02
   862 7.3281404006e-02
   863 7.3657980304e-02
   864 7.4025031544e-02
   865 7.4382448341e-02
   866 7.4730155510e-02
   867 7.5068071996e-02
   868 7.5396104519e-02
   869 7.5714173651e-02
   870 7.6022197272e-02
   871 7.6320096653e-02
   872 7.6607796746e-02
   873 7.6885208248e-02
   874 7.7152279403e-02
   875 7.7408905636e-02
   876 7.7655036509e-02
   877 7.7890590951e-02
   878 7.8115504250e-02
   879 7.8329705360e-02
   880 7.8533125510e-02
   881 7.8725696499e-02
   882 7.8907366643e-02
   883 7.9078047662e-02
   884 7.9237698298e-02
   885 7.9386255139e-02
   886 7.9523656798e-02
   887 7.9649840506e-02
   888 7.9764749907e-02
   889 7.9868341442e-02
   890 7.9960540733e-02
   891 8.0041314409e-02
   892 8.0110595975e-02
   893 8.0168340674e-02
   894 8.0214494363e-02
   895 8.0249017460e-02
   896 8.0271865687e-02
   897 8.0282975662e-02
   898 8.0282325403e-02
   899 8.0269856193e-02
   900 8.0245538314e-02
   901 8.0209316313e-02
   902 8.0161167662e-02
   903 8.0101054068e-02
   904 8.0028916576e-02
   905 7.9944752046e-02
   906 7.9848503284e-02
   907 7.9740149307e-02
   908 7.9619655768e-02
   909 7.9487006232e-02
   910 7.9342151667e-02
   911 7.9185074327e-02
   912 7.9015751990e-02
   913 7.8834169967e-02
   914 7.8640289959e-02
   915 7.8434098865e-02
   916 7.8215586426e-02
   917 7.7984722062e-02
   918 7.7741495754e-02
   919 7.7485890245e-02
   920 7.7217908243e-02
   921 7.6937521496e-02
   922 7.6644735486e-02
   923 7.6339534987e-02
   924 7.6021915869e-02
   925 7.5691885676e-02
   926 7.5349431275e-02
   927 7.4994557712e-02
   928 7.4627269904e-02
   929 7.4247581440e-02
   930 7.3855495213e-02
   931 7.3451015851e-02
   932 7.3034167290e-02
   933 7.2604949185e-02
   934 7.2163401713e-02
   935 7.1709525358e-02
   936 7.1243367985e-02
   937 7.0764938413e-02
   938 7.0274275793e-02
   939 6.9771408170e-02
   940 6.9256385631e-02
   941 6.8729235420e-02
   942 6.8190014333e-02
   943 6.7638768586e-02
   944 6.7075550294e-02
   945 6.6500419125e-02
   946 6.5913442680e-02
   947 6.5314693311e-02
   948 6.4704246812e-02
   949 6.4082175947e-02
   950 6.3448580098e-02
   951 6.2803544507e-02
   952 6.2147172837e-02
   953 6.1479589791e-02
   954 6.0800911339e-02
   955 6.0111241751e-02
   956 5.9410756304e-02
   957 5.8699583704e-02
   958 5.7977884803e-02
   959 5.7245851259e-02
   960 5.6503662348e-02
   961 5.5751517574e-02
   962 5.4989638716e-02
   963 5.4218268287e-02
   964 5.3437662755e-02
   965 5.2648101728e-02
   966 5.1849891090e-02
   967 5.1043362127e-02
   968 5.0228868887e-02
   969 4.9406793561e-02
   970 4.8577570165e-02
   971 4.7741663793e-02
   972 4.6899559314e-02
   973 4.6051821758e-02
   974 4.5199051935e-02
   975 4.4341896162e-02
   976 4.3481095872e-02
   977 4.2617427036e-02
   978 4.1751759997e-02
   979 4.0885051138e-02
   980 4.0018364874e-02
   981 3.9152845309e-02
   982 3.8289776403e-02
   983 3.7430565232e-02
   984 3.6576770956e-02
   985 3.5730107165e-02
   986 3.4892458057e-02
   987 3.4065937682e-02
   988 3.3252831753e-02
   989 3.2455677086e-02
   990 3.1677262672e-02
   991 3.0920632103e-02
   992 3.0189112415e-02
   993 2.9486337825e-02
   994 2.8816202310e-02
   995 2.8182898078e-02
   996 2.7590886339e-02
   997 2.7044864576e-02
   998 2.6549701085e-02
   999 2.6110375929e-02
  1000 2.5731887055e-02
  1001 2.5419133226e-02
  1002 2.5176786977e-02
  1003 2.5009140597e-02
  1004 2.4920004335e-02
  1005 2.4912513194e-02
  1006 2.4989044688e-02
  1007 2.5151168882e-02
  1008 2.5399540722e-02
  1009 2.4499209237e-02
  1010 1.5809500170e-01
  1011 2.3874656641e-02
  1012 2.3327036529e-02
  1013 2.2863994258e-02
  1014 2.2492877009e-02
  1015 2.2220441016e-02
  1016 2.2052511166e-02
  1017 2.1993612987e-02
  1018 2.2046752211e-02
  1019 2.2213238859e-02
  1020 2.2492607196e-02
  1021 2.2882751951e-02
  1022 2.3380078037e-02
  1023 2.3979816813e-02
  1024 2.4676335608e-02
  1025 2.5463459701e-02
  1026 2.6334739703e-02
  1027 2.7283766663e-02
  1028 2.8304261234e-02
  1029 2.9390247139e-02
  1030 3.0536166538e-02
  1031 3.1736867133e-02
  1032 3.2987671022e-02
  1033 3.4284304008e-02
  1034 3.5622943699e-02
  1035 3.7000147461e-02
  1036 3.8412829283e-02
  1037 3.9858243005e-02
  1038 4.1333920408e-02
  1039 4.2837668196e-02
  1040 4.4367516765e-02
  1041 4.5921698123e-02
  1042 4.7498648953e-02
  1043 4.9096947551e-02
  1044 5.0715321410e-02
  1045 5.2352615502e-02
  1046 5.4007800472e-02
  1047 5.5679938420e-02
  1048 5.7368159882e-02
  1049 5.9071709069e-02
  1050 6.0789869741e-02
  1051 6.2521992098e-02
  1052 6.4267488230e-02
  1053 6.6025818815e-02
  1054 6.7796461077e-02
  1055 6.9578975419e-02
  1056 7.1372915745e-02
  1057 7.3177887586e-02
  1058 7.4993523915e-02
  1059 7.6819479559e-02
  1060 7.8655422264e-02
  1061 8.0501068126e-02
  1062 8.2356132705e-02
  1063 8.4220335027e-02
  1064 8.6093437827e-02
  1065 8.7975201724e-02
  1066 8.9865405424e-02
  1067 9.1763836720e-02
  1068 9.3670295611e-02
  1069 9.5584605194e-02
  1070 9.7506563514e-02
  1071 9.9436023687e-02
  1072 1.0137280650e-01
  1073 1.0331671962e-01
  1074 1.0526776390e-01
  1075 1.0722555997e-01
  1076 1.0919023107e-01
  1077 1.1116140736e-01
  1078 1.1313911948e-01
  1079 1.1512320334e-01
  1080 1.1711360188e-01
  1081 1.1911005920e-01
  1082 1.2111261933e-01
  1083 1.2312113584e-01
  1084 1.2513545931e-01
  1085 1.2715554750e-01
  1086 1.2918135505e-01
  1087 1.3121264488e-01
  1088 1.3324957824e-01
  1089 1.3529181887e-01
  1090 1.3733943276e-01
  1091 1.3939228803e-01
  1092 1.4145035354e-01
  1093 1.4351360092e-01
  1094 1.4558190031e-01
  1095 1.4765522606e-01
  1096 1.4973345324e-01
  1097 1.5181665674e-01
  1098 1.5390461341e-01
  1099 1.5599740254e-01
  1100 4.1473676902e-01
  1101 1.6020683922e-01
  1102 1.6233607763e-01
  1103 1.6448230636e-01
  1104 1.6664521441e-01
  1105 1.6882459040e-01
  1106 1.7101992468e-01
  1107 1.7323120519e-01
  1108 1.7545792261e-01
  1109 1.7769986630e-01
  1110 1.7995672630e-01
  1111 1.8222819282e-01
  1112 1.8451405489e-01
  1113 1.8681390549e-01
  1114 1.8912763358e-01
  1115 1.9145473015e-01
  1116 1.9379508737e-01
  1117 1.9614839487e-01
  1118 1.9851434605e-01
  1119 2.0089273051e-01
  1120 2.0328314157e-01
  1121 2.0568547147e-01
  1122 2.0809941091e-01
  1123 2.1052455366e-01
  1124 2.1296089143e-01
  1125 2.1540791863e-01
  1126 2.1786552605e-01
  1127 2.2033340785e-01
  1128 2.2281135709e-01
  1129 2.2529906746e-01
  1130 2.2779633240e-01
  1131 2.3030294560e-01
  1132 2.3281850073e-01
  1133 2.3534299264e-01
  1134 2.3787601532e-01
  1135 2.4041736307e-01
  1136 2.4296682960e-01
  1137 2.4552421094e-01
  1138 2.4808920144e-01
  1139 2.5066169489e-01
  1140 2.5324138807e-01
  1141 2.5582807468e-01
  1142 2.5842155140e-01
  1143 2.6102161229e-01
  1144 2.6362805420e-01
  1145 2.6624057175e-01
  1146 2.6885916068e-01
  1147 2.7148341799e-01
  1148 2.7411333899e-01
  1149 2.7674851942e-01
  1150 2.7938895557e-01
  1151 2.8203434400e-01
  1152 2.8468458123e-01
  1153 2.8733936363e-01
  1154 2.8999858748e-01
  1155 2.9266214962e-01
  1156 2.9532974707e-01
  1157 2.9800127582e-01
  1158 3.0067653396e-01
  1159 3.0335541766e-01
  1160 3.0603772399e-01
  1161 3.0872334972e-01
  1162 3.1141199348e-01
  1163 3.1410375113e-01
  1164 3.1679822122e-01
  1165 3.1949539957e-01
  1166 3.2219508523e-01
  1167 3.2489727465e-01
  1168 3.2760166632e-01
  1169 3.3030815757e-01
  1170 3.3301674521e-01
  1171 3.3572722854e-01
  1172 3.3843940485e-01
  1173 3.4115337087e-01
  1174 3.4386872652e-01
  1175 3.4658566834e-01
  1176 3.4930389514e-01
  1177 3.5202330478e-01
  1178 3.5474389493e-01
  1179 3.5746546481e-01
  1180 3.6018811192e-01
  1181 3.6291153480e-01
  1182 3.6563573135e-01
  1183 3.6836070038e-01
  1184 3.7108624088e-01
  1185 3.7381244958e-01
  1186 3.7653902718e-01
  1187 3.7926607101e-01
  1188 3.8199357870e-01
  1189 3.8472135080e-01
  1190 3.8744938455e-01
  1191 3.9017767911e-01
  1192 3.9290613336e-01
  1193 3.9563474574e-01
  1194 3.9836341574e-01
  1195 4.0109224130e-01
  1196 4.0382112174e-01
  1197 4.0655005587e-01
  1198 4.0927894229e-01
  1199 4.1200788026e-01
  1200 0.0000000000e+00
  1201 1.5644456960e-01
  1202 1.5478750244e-01
  1203 1.5312409918e-01
  1204 1.5145466099e-01
  1205 1.4977948687e-01
  1206 1.4809877860e-01
  1207 1.4641283629e-01
  1208 1.4472195896e-01
  1209 1.4302654617e-01
  1210 1.4132670138e-01
  1211 1.3962272258e-01
  1212 1.3791501042e-01
  1213 1.3620386506e-01
  1214 1.3448948725e-01
  1215 1.3277217826e-01
  1216 1.3105233661e-01
  1217 1.2933016416e-01
  1218 1.2760596004e-01
  1219 1.2588002660e-01
  1220 1.2415276242e-01
  1221 1.2242436829e-01
  1222 1.2069514658e-01
  1223 1.1896549485e-01
  1224 1.1723561601e-01
  1225 1.1550580928e-01
  1226 1.1377647645e-01
  1227 1.1204791570e-01
  1228 1.1032033101e-01
  1229 1.0859421945e-01
  1230 1.0686978291e-01
  1231 1.0514722433e-01
  1232 1.0342704081e-01
  1233 1.0170953475e-01
  1234 9.9994935799e-02
  1235 9.8283615972e-02
  1236 9.6575875587e-02
  1237 9.4872044285e-02
  1238 9.3172453587e-02
  1239 9.1477414083e-02
  1240 8.9787256468e-02
  1241 8.8102311234e-02
  1242 8.6422889298e-02
  1243 8.4749341364e-02
  1244 8.3081978044e-02
  1245 8.1421140106e-02
  1246 7.9767148426e-02
  1247 7.8120333727e-02
  1248 7.6481036687e-02
  1249 7.4849578191e-02
  1250 7.3226308870e-02
  1251 7.1611549618e-02
  1252 7.0005641227e-02
  1253 6.8408924493e-02
  1254 6.6821720320e-02
  1255 6.5244379355e-02
  1256 6.3677232455e-02
  1257 6.2120630582e-02
  1258 6.0574894447e-02
  1259 5.9040384964e-02
  1260 5.7517423054e-02
  1261 5.6006369332e-02
  1262 5.4507544928e-02
  1263 5.3021310563e-02
  1264 5.1548007068e-02
  1265 5.0087965525e-02
  1266 4.8641546567e-02
  1267 4.7209081381e-02
  1268 4.5790920555e-02
  1269 4.4387415181e-02
  1270 4.2998896152e-02
  1271 4.1625734264e-02
  1272 4.0268260515e-02
  1273 3.8926815955e-02
  1274 3.7601771187e-02
  1275 3.6293457415e-02
  1276 3.5002225445e-02
  1277 3.3728436237e-02
  1278 3.2472420701e-02
  1279 3.1234539898e-02
  1280 3.0015144644e-02
  1281 2.8814585955e-02
  1282 2.7633214749e-02
  1283 2.6471381945e-02
  1284 2.5329438665e-02
  1285 2.4207725683e-02
  1286 2.3106614123e-02
  1287 2.2026454714e-02
  1288 2.0967578780e-02
  1289 1.9930366906e-02
  1290 1.8915150418e-02
  1291 1.7922300054e-02
  1292 1.6952156994e-02
  1293 1.6005072076e-02
  1294 1.5081416239e-02
  1295 1.4181520619e-02
  1296 1.3305766109e-02
  1297 1.2454483846e-02
  1298 1.1628044579e-02
  1299 1.0826789498e-02
  1300 1.0051079598e-02
  1301 9.3012777591e-03
  1302 8.5777260718e-03
  1303 7.8807865212e-03
  1304 7.2108111123e-03
  1305 6.5681568472e-03
  1306 5.9531797336e-03
  1307 5.3662337901e-03
  1308 4.8076740315e-03
  1309 4.2778574643e-03
  1310 3.7771390959e-03
  1311 3.3058749395e-03
  1312 2.8644190383e-03
  1313 2.4531293694e-03
  1314 2.0723589921e-03
  1315 1.7224658953e-03
  1316 1.4038051213e-03
  1317 1.1167316748e-03
  1318 8.6160169468e-04
  1319 6.3877139355e-04
  1320 4.4859629759e-04
  1321 2.9143213476e-04
  1322 1.6763463071e-04
  1323 7.7559630176e-05
  1324 2.1562875256e-05
  1325 0.0000000000e+00
  1326 2.2566401546e-02
  1327 2.2203277942e-02
  1328 2.1841181655e-02
  1329 2.1480166862e-02
  1330 2.1120269166e-02
  1331 2.0761560578e-02
  1332 2.0404077075e-02
  1333 2.0047863184e-02
  1334 1.9692982742e-02
  1335 1.9339489563e-02
  1336 1.8987419632e-02
  1337 1.8636827139e-02
  1338 1.8287775552e-02
  1339 1.7940300495e-02
  1340 1.7594475092e-02
  1341 1.7250325690e-02
  1342 1.6907925041e-02
  1343 1.6567318802e-02
  1344 1.6228561165e-02
  1345 1.5891697419e-02
  1346 1.5556791036e-02
  1347 1.5223887682e-02
  1348 1.4893041552e-02
  1349 1.4564307217e-02
  1350 1.4237748524e-02
  1351 1.3913401869e-02
  1352 1.3591330727e-02
  1353 1.3271590045e-02
  1354 1.2954225125e-02
  1355 1.2639299817e-02
  1356 1.2326869073e-02
  1357 1.2016987469e-02
  1358 1.1709700688e-02
  1359 1.1405072205e-02
  1360 1.1103148454e-02
  1361 1.0804001809e-02
  1362 1.0507668132e-02
  1363 1.0214213507e-02
  1364 9.9236925157e-03
  1365 9.6361582642e-03
  1366 9.3516684933e-03
  1367 9.0702777885e-03
  1368 8.7920424142e-03
  1369 8.5170201131e-03
  1370 8.2452632434e-03
  1371 7.9768325307e-03
  1372 7.7117799583e-03
  1373 7.4501653268e-03
  1374 7.1920433999e-03
  1375 6.9374712009e-03
  1376 6.6865057233e-03
  1377 6.4392023124e-03
  1378 6.1956187164e-03
  1379 5.9558121347e-03
  1380 5.7198390131e-03
  1381 5.4877565522e-03
  1382 5.2596219536e-03
  1383 5.0354903610e-03
  1384 4.8154225100e-03
  1385 4.5994720710e-03
  1386 4.3876986478e-03
  1387 4.1801585189e-03
  1388 3.9769085117e-03
  1389 3.7780076833e-03
  1390 3.5835123145e-03
  1391 3.3934797814e-03
  1392 3.2079682171e-03
  1393 3.0270344509e-03
  1394 2.8507369957e-03
  1395 2.6791323033e-03
  1396 2.5122787740e-03
  1397 2.3502340131e-03
  1398 2.1930560429e-03
  1399 2.0408019987e-03
  1400 1.8935288649e-03
  1401 1.7512964399e-03
  1402 1.6141609352e-03
  1403 1.4821802236e-03
  1404 1.3554132932e-03
  1405 1.2339162433e-03
  1406 1.1177489116e-03
  1407 1.0069672132e-03
  1408 9.0163023034e-04
  1409 8.0179541323e-04
  1410 7.0752082719e-04
  1411 6.1886433129e-04
  1412 5.3588378488e-04
  1413 4.5863701495e-04
  1414 3.8718212088e-04
  1415 3.2157690851e-04
  1416 2.6187924498e-04
  1417 2.0814719499e-04
  1418 1.6043866512e-04
  1419 1.1881147330e-04
  1420 8.3323645892e-05
  1421 5.4033082477e-05
  1422 3.0997704610e-05
  1423 1.4275428833e-05
  1424 3.9241000759e-06
  1425 1.1762897296e-03
  1426 1.2492808992e-03
  1427 1.3243463937e-03
  1428 1.4009272337e-03
  1429 1.4784768426e-03
  1430 1.5564586087e-03
  1431 1.6343473824e-03
  1432 1.7116226188e-03
  1433 1.7877743137e-03
  1434 1.8623020413e-03
  1435 1.9347152560e-03
  1436 2.0045373819e-03
  1437 2.0713060949e-03
  1438 2.1345785465e-03
  1439 2.1939343158e-03
  1440 1.6793125301e-02
  1441 1.6773547235e-02
  1442 1.6756562066e-02
  1443 1.6742815386e-02
  1444 1.6733073714e-02
  1445 1.6728097829e-02
  1446 1.6728700947e-02
  1447 1.6735684729e-02
  1448 1.6749791860e-02
  1449 1.6771724756e-02
  1450 1.6802086943e-02
  1451 1.6841364055e-02
  1452 1.6889897356e-02
  1453 1.6947901267e-02
  1454 1.7015412799e-02
  1455 2.1454577026e-02
  1456 2.1671812824e-02
  1457 2.1896862827e-02
  1458 2.2127199496e-02
  1459 2.2360276119e-02
  1460 2.2593587222e-02
  1461 2.2824686768e-02
  1462 2.3051234145e-02
  1463 2.3271014353e-02
  1464 2.3481972562e-02
  1465 2.3682205720e-02
  1466 2.3870032564e-02
  1467 2.4043922368e-02
  1468 2.4202568089e-02
  1469 2.4344840274e-02
  1470 6.5211479933e-02
  1471 6.5494865208e-02
  1472 6.5728218304e-02
  1473 6.5909112369e-02
  1474 6.6035658228e-02
  1475 6.6106463834e-02
  1476 6.6120721771e-02
  1477 6.6078189231e-02
  1478 6.5979147362e-02
  1479 6.5824488659e-02
  1480 6.5615618354e-02
  1481 6.5354492527e-02
  1482 6.5043606658e-02
  1483 6.4685947273e-02
  1484 6.4284940180e-02
  1485 2.4868122848e-02
  1486 2.5170237940e-02
  1487 2.5423808380e-02
  1488 2.5626693545e-02
  1489 2.5777199173e-02
  1490 2.5874130509e-02
  1491 2.5916758198e-02
  1492 2.5904867864e-02
  1493 2.5838705956e-02
  1494 2.5719042322e-02
  1495 2.5547129859e-02
  1496 2.5324682181e-02
  1497 2.5053879019e-02
  1498 2.4737333698e-02
  1499 2.4378104235e-02
  1500 7.9401447158e-02
  1501 7.9942255609e-02
  1502 8.0410715989e-02
  1503 8.0801937090e-02
  1504 8.1111747708e-02
  1505 8.1336754479e-02
  1506 8.1474385007e-02
  1507 8.1522861167e-02
  1508 8.1481278010e-02
  1509 8.1349598137e-02
  1510 8.1128636389e-02
  1511 8.0820056480e-02
  1512 8.0426364116e-02
  1513 7.9950875600e-02
  1514 7.9397691269e-02
  1515 5.9316543421e-02
  1516 5.8671903569e-02
  1517 5.7968614268e-02
  1518 5.7213468339e-02
  1519 5.6413655235e-02
  1520 5.5576635598e-02
  1521 5.4710066582e-02
  1522 5.3821704949e-02
  1523 5.2919312452e-02
  1524 5.2010572126e-02
  1525 5.1102995274e-02
  1526 5.0203900581e-02
  1527 4.9320294357e-02
  1528 4.8458841317e-02
  1529 4.7625893116e-02
  1530 2.6083871435e-02
  1531 2.6391167261e-02
  1532 2.6653248288e-02
  1533 2.6867203715e-02
  1534 2.7029896347e-02
  1535 2.7137978109e-02
  1536 2.7187988763e-02
  1537 2.7176427235e-02
  1538 2.7099826156e-02
  1539 2.6954851279e-02
  1540 2.6738358216e-02
  1541 2.6447531041e-02
  1542 2.6079907580e-02
  1543 2.5633504563e-02
  1544 2.5106880768e-02
