2.216707776372958755e+10 0.000000000000000000e+00 0.000000000000000000e+00 0.000000000000000000e+00 0.000000000000000000e+00 0.000000000000000000e+00 -2.216707776372958755e+10 0.000000000000000000e+00 0.000000000000000000e+00 0.000000000000000000e+00 0.000000000000000000e+00 0.000000000000000000e+00
0.000000000000000000e+00 4.233210331802047253e+09 0.000000000000000000e+00 0.000000000000000000e+00 0.000000000000000000e+00 2.116605165901023895e+07 0.000000000000000000e+00 -4.233210331802047253e+09 0.000000000000000000e+00 0.000000000000000000e+00 0.000000000000000000e+00 2.116605165901023895e+07
0.000000000000000000e+00 0.000000000000000000e+00 4.233210331802047253e+09 0.000000000000000000e+00 -2.116605165901023895e+07 0.000000000000000000e+00 0.000000000000000000e+00 0.000000000000000000e+00 -4.233210331802047253e+09 0.000000000000000000e+00 -2.116605165901023895e+07 0.000000000000000000e+00
0.000000000000000000e+00 0.000000000000000000e+00 0.000000000000000000e+00 3.896290206932469271e+06 0.000000000000000000e+00 0.000000000000000000e+00 0.000000000000000000e+00 0.000000000000000000e+00 0.000000000000000000e+00 -3.896290206932469271e+06 0.000000000000000000e+00 0.000000000000000000e+00
0.000000000000000000e+00 0.000000000000000000e+00 -2.116605165901023895e+07 0.000000000000000000e+00 5.171007527307260782e+06 0.000000000000000000e+00 0.000000000000000000e+00 0.000000000000000000e+00 2.116605165901023895e+07 0.000000000000000000e+00 -4.959347010717158206e+06 0.000000000000000000e+00
0.000000000000000000e+00 2.116605165901023895e+07 0.000000000000000000e+00 0.000000000000000000e+00 0.000000000000000000e+00 5.171007527307260782e+06 0.000000000000000000e+00 -2.116605165901023895e+07 0.000000000000000000e+00 0.000000000000000000e+00 0.000000000000000000e+00 -4.959347010717158206e+06
-2.216707776372958755e+10 0.000000000000000000e+00 0.000000000000000000e+00 0.000000000000000000e+00 0.000000000000000000e+00 0.000000000000000000e+00 2.216707776372958755e+10 0.000000000000000000e+00 0.000000000000000000e+00 0.000000000000000000e+00 0.000000000000000000e+00 0.000000000000000000e+00
0.000000000000000000e+00 -4.233210331802047253e+09 0.000000000000000000e+00 0.000000000000000000e+00 0.000000000000000000e+00 -2.116605165901023895e+07 0.000000000000000000e+00 4.233210331802047253e+09 0.000000000000000000e+00 0.000000000000000000e+00 0.000000000000000000e+00 -2.116605165901023895e+07
0.000000000000000000e+00 0.000000000000000000e+00 -4.233210331802047253e+09 0.000000000000000000e+00 2.116605165901023895e+07 0.000000000000000000e+00 0.000000000000000000e+00 0.000000000000000000e+00 4.233210331802047253e+09 0.000000000000000000e+00 2.116605165901023895e+07 0.000000000000000000e+00
0.000000000000000000e+00 0.000000000000000000e+00 0.000000000000000000e+00 -3.896290206932469271e+06 0.000000000000000000e+00 0.000000000000000000e+00 0.000000000000000000e+00 0.000000000000000000e+00 0.000000000000000000e+00 3.896290206932469271e+06 0.000000000000000000e+00 0.000000000000000000e+00
0.000000000000000000e+00 0.000000000000000000e+00 -2.116605165901023895e+07 0.000000000000000000e+00 -4.959347010717158206e+06 0.000000000000000000e+00 0.000000000000000000e+00 0.000000000000000000e+00 2.116605165901023895e+07 0.000000000000000000e+00 5.171007527307260782e+06 0.000000000000000000e+00
0.000000000000000000e+00 2.116605165901023895e+07 0.000000000000000000e+00 0.000000000000000000e+00 0.000000000000000000e+00 -4.959347010717158206e+06 0.000000000000000000e+00 -2.116605165901023895e+07 0.000000000000000000e+00 0.000000000000000000e+00 0.000000000000000000e+00 5.171007527307260782e+06
