2.765606844808167833e-02 0.000000000000000000e+00 0.000000000000000000e+00 0.000000000000000000e+00 0.000000000000000000e+00 0.000000000000000000e+00 1.382803422404083916e-02 0.000000000000000000e+00 0.000000000000000000e+00 0.000000000000000000e+00 0.000000000000000000e+00 0.000000000000000000e+00
0.000000000000000000e+00 2.768638372418653557e-02 0.000000000000000000e+00 0.000000000000000000e+00 0.000000000000000000e+00 2.807171652073262155e-05 0.000000000000000000e+00 1.379771894793599581e-02 0.000000000000000000e+00 0.000000000000000000e+00 0.000000000000000000e+00 -4.106845459947159921e-05
0.000000000000000000e+00 0.000000000000000000e+00 2.768638372418653557e-02 0.000000000000000000e+00 -2.807171652073262155e-05 0.000000000000000000e+00 0.000000000000000000e+00 0.000000000000000000e+00 1.379771894793599581e-02 0.000000000000000000e+00 4.106845459947159921e-05 0.000000000000000000e+00
0.000000000000000000e+00 0.000000000000000000e+00 0.000000000000000000e+00 1.263882328077332390e-05 0.000000000000000000e+00 0.000000000000000000e+00 0.000000000000000000e+00 0.000000000000000000e+00 0.000000000000000000e+00 6.319411640386661950e-06 0.000000000000000000e+00 0.000000000000000000e+00
0.000000000000000000e+00 0.000000000000000000e+00 -2.807171652073262155e-05 0.000000000000000000e+00 6.322810239210551456e-06 0.000000000000000000e+00 0.000000000000000000e+00 0.000000000000000000e+00 -4.106845459947159921e-05 0.000000000000000000e+00 3.024824076776811288e-06 0.000000000000000000e+00
0.000000000000000000e+00 2.807171652073262155e-05 0.000000000000000000e+00 0.000000000000000000e+00 0.000000000000000000e+00 6.322810239210551456e-06 0.000000000000000000e+00 4.106845459947159921e-05 0.000000000000000000e+00 0.000000000000000000e+00 0.000000000000000000e+00 3.024824076776811288e-06
1.382803422404083916e-02 0.000000000000000000e+00 0.000000000000000000e+00 0.000000000000000000e+00 0.000000000000000000e+00 0.000000000000000000e+00 2.765606844808167833e-02 0.000000000000000000e+00 0.000000000000000000e+00 0.000000000000000000e+00 0.000000000000000000e+00 0.000000000000000000e+00
0.000000000000000000e+00 1.379771894793599581e-02 0.000000000000000000e+00 0.000000000000000000e+00 0.000000000000000000e+00 4.106845459947159921e-05 0.000000000000000000e+00 2.768638372418653557e-02 0.000000000000000000e+00 0.000000000000000000e+00 0.000000000000000000e+00 -2.807171652073262155e-05
0.000000000000000000e+00 0.000000000000000000e+00 1.379771894793599581e-02 0.000000000000000000e+00 -4.106845459947159921e-05 0.000000000000000000e+00 0.000000000000000000e+00 0.000000000000000000e+00 2.768638372418653557e-02 0.000000000000000000e+00 2.807171652073262155e-05 0.000000000000000000e+00
0.000000000000000000e+00 0.000000000000000000e+00 0.000000000000000000e+00 6.319411640386661950e-06 0.000000000000000000e+00 0.000000000000000000e+00 0.000000000000000000e+00 0.000000000000000000e+00 0.000000000000000000e+00 1.263882328077332390e-05 0.000000000000000000e+00 0.000000000000000000e+00
0.000000000000000000e+00 0.000000000000000000e+00 4.106845459947159921e-05 0.000000000000000000e+00 3.024824076776811288e-06 0.000000000000000000e+00 0.000000000000000000e+00 0.000000000000000000e+00 2.807171652073262155e-05 0.000000000000000000e+00 6.322810239210551456e-06 0.000000000000000000e+00
0.000000000000000000e+00 -4.106845459947159921e-05 0.000000000000000000e+00 0.000000000000000000e+00 0.000000000000000000e+00 3.024824076776811288e-06 0.000000000000000000e+00 -2.807171652073262155e-05 0.000000000000000000e+00 0.000000000000000000e+00 0.000000000000000000e+00 6.322810239210551456e-06
