        1.    0.0000000E+00   0.0000000E+00   0.0000000E+00
        2.   -0.5787580E-06  -0.3657594E-03   0.3236185E-04
        3.   -0.1446895E-07  -0.6279257E-06   0.9018071E-07
        4.   -0.2893791E-07  -0.1972258E-05   0.2662222E-06
        5.   -0.4340686E-07  -0.4010917E-05   0.5242564E-06
        6.   -0.5787582E-07  -0.6721821E-05   0.8604151E-06
        7.   -0.7234477E-07  -0.1008289E-04   0.1270830E-05
        8.   -0.8681372E-07  -0.1407204E-04   0.1751634E-05
        9.   -0.1012827E-06  -0.1866720E-04   0.2298957E-05
       10.   -0.1157516E-06  -0.2384628E-04   0.2908933E-05
       11.   -0.1302206E-06  -0.2958721E-04   0.3577693E-05
       12.   -0.1446895E-06  -0.3586789E-04   0.4301369E-05
       13.   -0.1591585E-06  -0.4266626E-04   0.5076092E-05
       14.   -0.1736274E-06  -0.4996022E-04   0.5897995E-05
       15.   -0.1880964E-06  -0.5772771E-04   0.6763209E-05
       16.   -0.2025653E-06  -0.6594663E-04   0.7667867E-05
       17.   -0.2170343E-06  -0.7459492E-04   0.8608100E-05
       18.   -0.2315032E-06  -0.8365048E-04   0.9580041E-05
       19.   -0.2459722E-06  -0.9309124E-04   0.1057982E-04
       20.   -0.2604412E-06  -0.1028951E-03   0.1160357E-04
       21.   -0.2749101E-06  -0.1130400E-03   0.1264742E-04
       22.   -0.2893791E-06  -0.1235039E-03   0.1370751E-04
       23.   -0.3038480E-06  -0.1342647E-03   0.1477997E-04
       24.   -0.3183170E-06  -0.1453002E-03   0.1586092E-04
       25.   -0.3327859E-06  -0.1565885E-03   0.1694651E-04
       26.   -0.3472548E-06  -0.1681074E-03   0.1803285E-04
       27.   -0.3617238E-06  -0.1798348E-03   0.1911610E-04
       28.   -0.3761927E-06  -0.1917488E-03   0.2019236E-04
       29.   -0.3906617E-06  -0.2038271E-03   0.2125779E-04
       30.   -0.4051306E-06  -0.2160477E-03   0.2230851E-04
       31.   -0.4195996E-06  -0.2283886E-03   0.2334065E-04
       32.   -0.4340685E-06  -0.2408277E-03   0.2435034E-04
       33.   -0.4485375E-06  -0.2533428E-03   0.2533373E-04
       34.   -0.4630064E-06  -0.2659119E-03   0.2628693E-04
       35.   -0.4774754E-06  -0.2785130E-03   0.2720608E-04
       36.   -0.4919443E-06  -0.2911238E-03   0.2808731E-04
       37.   -0.5064132E-06  -0.3037225E-03   0.2892676E-04
       38.   -0.5208822E-06  -0.3162868E-03   0.2972055E-04
       39.   -0.5353511E-06  -0.3287948E-03   0.3046483E-04
       40.   -0.5498201E-06  -0.3412242E-03   0.3115572E-04
       41.   -0.5642890E-06  -0.3535532E-03   0.3178935E-04
       42.    0.9442287E-04  -0.4741030E-03   0.2246959E-03
       43.    0.8603926E-03  -0.4806547E-03   0.3778607E-02
       44.    0.1019577E-03  -0.4741535E-03   0.2459123E-03
       45.    0.1091967E-03  -0.4742039E-03   0.2673879E-03
       46.    0.1161462E-03  -0.4742543E-03   0.2891188E-03
       47.    0.1228126E-03  -0.4743048E-03   0.3111011E-03
       48.    0.1292022E-03  -0.4743552E-03   0.3333310E-03
       49.    0.1353212E-03  -0.4744057E-03   0.3558047E-03
       50.    0.1411762E-03  -0.4744561E-03   0.3785182E-03
       51.    0.1467733E-03  -0.4745065E-03   0.4014677E-03
       52.    0.1521190E-03  -0.4745569E-03   0.4246493E-03
       53.    0.1572195E-03  -0.4746074E-03   0.4480591E-03
       54.    0.1620812E-03  -0.4746578E-03   0.4716934E-03
       55.    0.1667104E-03  -0.4747082E-03   0.4955481E-03
       56.    0.1711135E-03  -0.4747587E-03   0.5196196E-03
       57.    0.1752968E-03  -0.4748091E-03   0.5439038E-03
       58.    0.1792665E-03  -0.4748595E-03   0.5683970E-03
       59.    0.1830292E-03  -0.4749100E-03   0.5930952E-03
       60.    0.1865910E-03  -0.4749604E-03   0.6179946E-03
       61.    0.1899583E-03  -0.4750108E-03   0.6430914E-03
       62.    0.1931375E-03  -0.4750612E-03   0.6683817E-03
       63.    0.1961349E-03  -0.4751117E-03   0.6938615E-03
       64.    0.1989569E-03  -0.4751621E-03   0.7195271E-03
       65.    0.2016096E-03  -0.4752125E-03   0.7453746E-03
       66.    0.2040996E-03  -0.4752629E-03   0.7714002E-03
       67.    0.2064331E-03  -0.4753134E-03   0.7975999E-03
       68.    0.2086164E-03  -0.4753638E-03   0.8239699E-03
       69.    0.2106560E-03  -0.4754142E-03   0.8505064E-03
       70.    0.2125581E-03  -0.4754646E-03   0.8772055E-03
       71.    0.2143290E-03  -0.4755150E-03   0.9040632E-03
       72.    0.2159752E-03  -0.4755655E-03   0.9310759E-03
       73.    0.2175029E-03  -0.4756159E-03   0.9582396E-03
       74.    0.2189184E-03  -0.4756663E-03   0.9855504E-03
       75.    0.2202282E-03  -0.4757167E-03   0.1013005E-02
       76.    0.2214385E-03  -0.4757671E-03   0.1040598E-02
       77.    0.2225557E-03  -0.4758176E-03   0.1068327E-02
       78.    0.2235861E-03  -0.4758680E-03   0.1096188E-02
       79.    0.2245361E-03  -0.4759184E-03   0.1124177E-02
       80.    0.2254119E-03  -0.4759688E-03   0.1152290E-02
       81.    0.2262200E-03  -0.4760192E-03   0.1180523E-02
       82.    0.2269666E-03  -0.4760696E-03   0.1208872E-02
       83.    0.2276581E-03  -0.4761200E-03   0.1237334E-02
       84.    0.2283009E-03  -0.4761705E-03   0.1265904E-02
       85.    0.2289012E-03  -0.4762209E-03   0.1294579E-02
       86.    0.2294654E-03  -0.4762713E-03   0.1323355E-02
       87.    0.2299999E-03  -0.4763217E-03   0.1352228E-02
       88.    0.2305109E-03  -0.4763721E-03   0.1381195E-02
       89.    0.2310049E-03  -0.4764225E-03   0.1410250E-02
       90.    0.2314881E-03  -0.4764729E-03   0.1439392E-02
       91.    0.2319669E-03  -0.4765233E-03   0.1468615E-02
       92.    0.2324477E-03  -0.4765737E-03   0.1497915E-02
       93.    0.2329367E-03  -0.4766241E-03   0.1527290E-02
       94.    0.2334403E-03  -0.4766746E-03   0.1556735E-02
       95.    0.2339649E-03  -0.4767250E-03   0.1586246E-02
       96.    0.2345167E-03  -0.4767754E-03   0.1615820E-02
       97.    0.2351022E-03  -0.4768258E-03   0.1645452E-02
       98.    0.2357276E-03  -0.4768762E-03   0.1675139E-02
       99.    0.2363993E-03  -0.4769266E-03   0.1704877E-02
      100.    0.2371237E-03  -0.4769770E-03   0.1734662E-02
      101.    0.2379070E-03  -0.4770274E-03   0.1764490E-02
      102.    0.2387557E-03  -0.4770778E-03   0.1794358E-02
      103.    0.2396760E-03  -0.4771282E-03   0.1824261E-02
      104.    0.2406743E-03  -0.4771786E-03   0.1854196E-02
      105.    0.2417569E-03  -0.4772290E-03   0.1884159E-02
      106.    0.2429302E-03  -0.4772794E-03   0.1914147E-02
      107.    0.2442005E-03  -0.4773298E-03   0.1944154E-02
      108.    0.2455742E-03  -0.4773802E-03   0.1974178E-02
      109.    0.2470575E-03  -0.4774306E-03   0.2004214E-02
      110.    0.2486569E-03  -0.4774810E-03   0.2034259E-02
      111.    0.2503787E-03  -0.4775314E-03   0.2064310E-02
      112.    0.2522292E-03  -0.4775818E-03   0.2094361E-02
      113.    0.2542147E-03  -0.4776322E-03   0.2124410E-02
      114.    0.2563416E-03  -0.4776825E-03   0.2154452E-02
      115.    0.2586162E-03  -0.4777329E-03   0.2184483E-02
      116.    0.2610450E-03  -0.4777833E-03   0.2214501E-02
      117.    0.2636341E-03  -0.4778337E-03   0.2244501E-02
      118.    0.2663900E-03  -0.4778841E-03   0.2274478E-02
      119.    0.2693190E-03  -0.4779345E-03   0.2304431E-02
      120.    0.2724274E-03  -0.4779849E-03   0.2334353E-02
      121.    0.2757217E-03  -0.4780353E-03   0.2364243E-02
      122.    0.2792080E-03  -0.4780857E-03   0.2394095E-02
      123.    0.2828928E-03  -0.4781361E-03   0.2423907E-02
      124.    0.2867824E-03  -0.4781864E-03   0.2453674E-02
      125.    0.2908832E-03  -0.4782368E-03   0.2483392E-02
      126.    0.2952015E-03  -0.4782872E-03   0.2513058E-02
      127.    0.2997436E-03  -0.4783376E-03   0.2542668E-02
      128.    0.3045159E-03  -0.4783880E-03   0.2572219E-02
      129.    0.3095247E-03  -0.4784384E-03   0.2601705E-02
      130.    0.3147763E-03  -0.4784888E-03   0.2631124E-02
      131.    0.3202772E-03  -0.4785391E-03   0.2660472E-02
      132.    0.3260336E-03  -0.4785895E-03   0.2689744E-02
      133.    0.3320519E-03  -0.4786399E-03   0.2718938E-02
      134.    0.3383385E-03  -0.4786903E-03   0.2748049E-02
      135.    0.3448997E-03  -0.4787407E-03   0.2777073E-02
      136.    0.3517417E-03  -0.4787911E-03   0.2806007E-02
      137.    0.3588711E-03  -0.4788414E-03   0.2834847E-02
      138.    0.3662940E-03  -0.4788918E-03   0.2863590E-02
      139.    0.3740170E-03  -0.4789422E-03   0.2892230E-02
      140.    0.3820462E-03  -0.4789926E-03   0.2920765E-02
      141.    0.3903881E-03  -0.4790429E-03   0.2949191E-02
      142.    0.3990490E-03  -0.4790933E-03   0.2977504E-02
      143.    0.4080352E-03  -0.4791437E-03   0.3005701E-02
      144.    0.4173531E-03  -0.4791941E-03   0.3033776E-02
      145.    0.4270091E-03  -0.4792444E-03   0.3061727E-02
      146.    0.4370094E-03  -0.4792948E-03   0.3089551E-02
      147.    0.4473605E-03  -0.4793452E-03   0.3117242E-02
      148.    0.4580686E-03  -0.4793956E-03   0.3144798E-02
      149.    0.4691402E-03  -0.4794459E-03   0.3172214E-02
      150.    0.4805815E-03  -0.4794963E-03   0.3199487E-02
      151.    0.4923990E-03  -0.4795467E-03   0.3226613E-02
      152.    0.5045989E-03  -0.4795970E-03   0.3253588E-02
      153.    0.5171876E-03  -0.4796474E-03   0.3280409E-02
      154.    0.5301715E-03  -0.4796978E-03   0.3307072E-02
      155.    0.5435570E-03  -0.4797482E-03   0.3333572E-02
      156.    0.5573502E-03  -0.4797985E-03   0.3359907E-02
      157.    0.5715577E-03  -0.4798489E-03   0.3386072E-02
      158.    0.5861858E-03  -0.4798993E-03   0.3412064E-02
      159.    0.6012407E-03  -0.4799496E-03   0.3437879E-02
      160.    0.6167289E-03  -0.4800000E-03   0.3463514E-02
      161.    0.6326568E-03  -0.4800503E-03   0.3488963E-02
      162.    0.6490306E-03  -0.4801007E-03   0.3514225E-02
      163.    0.6658567E-03  -0.4801511E-03   0.3539294E-02
      164.    0.6831414E-03  -0.4802014E-03   0.3564168E-02
      165.    0.7008912E-03  -0.4802518E-03   0.3588842E-02
      166.    0.7191124E-03  -0.4803022E-03   0.3613313E-02
      167.    0.7378113E-03  -0.4803525E-03   0.3637577E-02
      168.    0.7569942E-03  -0.4804029E-03   0.3661631E-02
      169.    0.7766676E-03  -0.4804532E-03   0.3685470E-02
      170.    0.7968378E-03  -0.4805036E-03   0.3709091E-02
      171.    0.8175111E-03  -0.4805540E-03   0.3732489E-02
      172.    0.8386940E-03  -0.4806043E-03   0.3755663E-02
      173.    0.1110714E-02  -0.7537363E-03   0.3790938E-02
      174.    0.1110277E-02  -0.1715213E-02   0.3088284E-02
      175.    0.1110699E-02  -0.7837871E-03   0.3770105E-02
      176.    0.1110685E-02  -0.8141813E-03   0.3749128E-02
      177.    0.1110670E-02  -0.8448969E-03   0.3728003E-02
      178.    0.1110656E-02  -0.8759118E-03   0.3706727E-02
      179.    0.1110641E-02  -0.9072041E-03   0.3685295E-02
      180.    0.1110626E-02  -0.9387516E-03   0.3663704E-02
      181.    0.1110612E-02  -0.9705325E-03   0.3641950E-02
      182.    0.1110597E-02  -0.1002525E-02   0.3620030E-02
      183.    0.1110583E-02  -0.1034706E-02   0.3597940E-02
      184.    0.1110568E-02  -0.1067054E-02   0.3575676E-02
      185.    0.1110554E-02  -0.1099548E-02   0.3553234E-02
      186.    0.1110539E-02  -0.1132165E-02   0.3530612E-02
      187.    0.1110525E-02  -0.1164882E-02   0.3507805E-02
      188.    0.1110510E-02  -0.1197679E-02   0.3484809E-02
      189.    0.1110495E-02  -0.1230533E-02   0.3461622E-02
      190.    0.1110481E-02  -0.1263422E-02   0.3438238E-02
      191.    0.1110466E-02  -0.1296324E-02   0.3414656E-02
      192.    0.1110452E-02  -0.1329217E-02   0.3390870E-02
      193.    0.1110437E-02  -0.1362079E-02   0.3366878E-02
      194.    0.1110423E-02  -0.1394888E-02   0.3342675E-02
      195.    0.1110408E-02  -0.1427622E-02   0.3318259E-02
      196.    0.1110393E-02  -0.1460258E-02   0.3293625E-02
      197.    0.1110379E-02  -0.1492776E-02   0.3268770E-02
      198.    0.1110364E-02  -0.1525152E-02   0.3243690E-02
      199.    0.1110350E-02  -0.1557365E-02   0.3218381E-02
      200.    0.1110335E-02  -0.1589393E-02   0.3192840E-02
      201.    0.1110320E-02  -0.1621214E-02   0.3167064E-02
      202.    0.1110306E-02  -0.1652806E-02   0.3141048E-02
      203.    0.1110291E-02  -0.1684146E-02   0.3114789E-02
      204.    0.8437369E-03  -0.2002526E-02   0.2761342E-02
      205.    0.5023433E-02  -0.2009037E-02   0.3093863E-02
      206.    0.8204889E-03  -0.2002576E-02   0.2758798E-02
      207.    0.7978266E-03  -0.2002626E-02   0.2756485E-02
      208.    0.7757562E-03  -0.2002676E-02   0.2754398E-02
      209.    0.7542842E-03  -0.2002727E-02   0.2752535E-02
      210.    0.7334170E-03  -0.2002777E-02   0.2750891E-02
      211.    0.7131610E-03  -0.2002827E-02   0.2749464E-02
      212.    0.6935225E-03  -0.2002877E-02   0.2748248E-02
      213.    0.6745081E-03  -0.2002928E-02   0.2747242E-02
      214.    0.6561239E-03  -0.2002978E-02   0.2746441E-02
      215.    0.6383766E-03  -0.2003028E-02   0.2745841E-02
      216.    0.6212724E-03  -0.2003078E-02   0.2745440E-02
      217.    0.6048178E-03  -0.2003128E-02   0.2745233E-02
      218.    0.5890191E-03  -0.2003179E-02   0.2745217E-02
      219.    0.5738828E-03  -0.2003229E-02   0.2745388E-02
      220.    0.5594153E-03  -0.2003279E-02   0.2745743E-02
      221.    0.5456229E-03  -0.2003329E-02   0.2746278E-02
      222.    0.5325120E-03  -0.2003380E-02   0.2746990E-02
      223.    0.5200892E-03  -0.2003430E-02   0.2747875E-02
      224.    0.5083606E-03  -0.2003480E-02   0.2748929E-02
      225.    0.4973329E-03  -0.2003530E-02   0.2750150E-02
      226.    0.4870123E-03  -0.2003580E-02   0.2751532E-02
      227.    0.4774053E-03  -0.2003631E-02   0.2753073E-02
      228.    0.4685182E-03  -0.2003681E-02   0.2754770E-02
      229.    0.4603575E-03  -0.2003731E-02   0.2756618E-02
      230.    0.4529296E-03  -0.2003781E-02   0.2758614E-02
      231.    0.4462408E-03  -0.2003831E-02   0.2760755E-02
      232.    0.4402976E-03  -0.2003882E-02   0.2763036E-02
      233.    0.4351064E-03  -0.2003932E-02   0.2765455E-02
      234.    0.4306736E-03  -0.2003982E-02   0.2768008E-02
      235.    0.4270056E-03  -0.2004032E-02   0.2770691E-02
      236.    0.4241087E-03  -0.2004082E-02   0.2773501E-02
      237.    0.4219895E-03  -0.2004132E-02   0.2776434E-02
      238.    0.4206542E-03  -0.2004183E-02   0.2779487E-02
      239.    0.4201093E-03  -0.2004233E-02   0.2782656E-02
      240.    0.4203613E-03  -0.2004283E-02   0.2785937E-02
      241.    0.4214164E-03  -0.2004333E-02   0.2789327E-02
      242.    0.4232812E-03  -0.2004383E-02   0.2792823E-02
      243.    0.4259620E-03  -0.2004433E-02   0.2796420E-02
      244.    0.4294652E-03  -0.2004484E-02   0.2800116E-02
      245.    0.4337973E-03  -0.2004534E-02   0.2803907E-02
      246.    0.4389646E-03  -0.2004584E-02   0.2807789E-02
      247.    0.4449735E-03  -0.2004634E-02   0.2811759E-02
      248.    0.4518305E-03  -0.2004684E-02   0.2815813E-02
      249.    0.4595419E-03  -0.2004734E-02   0.2819947E-02
      250.    0.4681143E-03  -0.2004784E-02   0.2824159E-02
      251.    0.4775539E-03  -0.2004835E-02   0.2828445E-02
      252.    0.4878671E-03  -0.2004885E-02   0.2832800E-02
      253.    0.4990605E-03  -0.2004935E-02   0.2837222E-02
      254.    0.5111403E-03  -0.2004985E-02   0.2841708E-02
      255.    0.5241131E-03  -0.2005035E-02   0.2846252E-02
      256.    0.5379852E-03  -0.2005085E-02   0.2850853E-02
      257.    0.5527630E-03  -0.2005135E-02   0.2855506E-02
      258.    0.5684529E-03  -0.2005186E-02   0.2860209E-02
      259.    0.5850614E-03  -0.2005236E-02   0.2864956E-02
      260.    0.6025948E-03  -0.2005286E-02   0.2869746E-02
      261.    0.6210596E-03  -0.2005336E-02   0.2874574E-02
      262.    0.6404622E-03  -0.2005386E-02   0.2879437E-02
      263.    0.6608089E-03  -0.2005436E-02   0.2884331E-02
      264.    0.6821063E-03  -0.2005486E-02   0.2889253E-02
      265.    0.7043606E-03  -0.2005536E-02   0.2894200E-02
      266.    0.7275784E-03  -0.2005586E-02   0.2899168E-02
      267.    0.7517660E-03  -0.2005636E-02   0.2904153E-02
      268.    0.7769298E-03  -0.2005687E-02   0.2909151E-02
      269.    0.8030764E-03  -0.2005737E-02   0.2914161E-02
      270.    0.8302119E-03  -0.2005787E-02   0.2919177E-02
      271.    0.8583430E-03  -0.2005837E-02   0.2924196E-02
      272.    0.8874760E-03  -0.2005887E-02   0.2929216E-02
      273.    0.9176173E-03  -0.2005937E-02   0.2934232E-02
      274.    0.9487733E-03  -0.2005987E-02   0.2939240E-02
      275.    0.9809504E-03  -0.2006037E-02   0.2944239E-02
      276.    0.1014155E-02  -0.2006087E-02   0.2949223E-02
      277.    0.1048394E-02  -0.2006137E-02   0.2954189E-02
      278.    0.1083673E-02  -0.2006187E-02   0.2959135E-02
      279.    0.1119999E-02  -0.2006237E-02   0.2964056E-02
      280.    0.1157378E-02  -0.2006287E-02   0.2968949E-02
      281.    0.1195817E-02  -0.2006338E-02   0.2973811E-02
      282.    0.1235322E-02  -0.2006388E-02   0.2978637E-02
      283.    0.1275899E-02  -0.2006438E-02   0.2983426E-02
      284.    0.1317556E-02  -0.2006488E-02   0.2988172E-02
      285.    0.1360297E-02  -0.2006538E-02   0.2992873E-02
      286.    0.1404131E-02  -0.2006588E-02   0.2997525E-02
      287.    0.1449062E-02  -0.2006638E-02   0.3002125E-02
      288.    0.1495099E-02  -0.2006688E-02   0.3006669E-02
      289.    0.1542246E-02  -0.2006738E-02   0.3011154E-02
      290.    0.1590511E-02  -0.2006788E-02   0.3015576E-02
      291.    0.1639899E-02  -0.2006838E-02   0.3019932E-02
      292.    0.1690418E-02  -0.2006888E-02   0.3024219E-02
      293.    0.1742074E-02  -0.2006938E-02   0.3028432E-02
      294.    0.1794873E-02  -0.2006988E-02   0.3032569E-02
      295.    0.1848821E-02  -0.2007038E-02   0.3036626E-02
      296.    0.1903926E-02  -0.2007088E-02   0.3040599E-02
      297.    0.1960193E-02  -0.2007138E-02   0.3044486E-02
      298.    0.2017629E-02  -0.2007188E-02   0.3048282E-02
      299.    0.2076240E-02  -0.2007238E-02   0.3051984E-02
      300.    0.2136033E-02  -0.2007288E-02   0.3055589E-02
      301.    0.2197015E-02  -0.2007338E-02   0.3059093E-02
      302.    0.2259190E-02  -0.2007388E-02   0.3062494E-02
      303.    0.2322568E-02  -0.2007438E-02   0.3065787E-02
      304.    0.2387152E-02  -0.2007488E-02   0.3068968E-02
      305.    0.2452951E-02  -0.2007538E-02   0.3072036E-02
      306.    0.2519970E-02  -0.2007588E-02   0.3074985E-02
      307.    0.2588216E-02  -0.2007638E-02   0.3077813E-02
      308.    0.2657695E-02  -0.2007688E-02   0.3080516E-02
      309.    0.2728414E-02  -0.2007738E-02   0.3083092E-02
      310.    0.2800379E-02  -0.2007788E-02   0.3085535E-02
      311.    0.2873597E-02  -0.2007838E-02   0.3087844E-02
      312.    0.2948074E-02  -0.2007888E-02   0.3090014E-02
      313.    0.3023817E-02  -0.2007938E-02   0.3092042E-02
      314.    0.3100831E-02  -0.2007988E-02   0.3093925E-02
      315.    0.3179124E-02  -0.2008038E-02   0.3095659E-02
      316.    0.3258702E-02  -0.2008088E-02   0.3097241E-02
      317.    0.3339572E-02  -0.2008138E-02   0.3098668E-02
      318.    0.3421739E-02  -0.2008188E-02   0.3099935E-02
      319.    0.3505211E-02  -0.2008238E-02   0.3101041E-02
      320.    0.3589993E-02  -0.2008288E-02   0.3101980E-02
      321.    0.3676093E-02  -0.2008338E-02   0.3102750E-02
      322.    0.3763517E-02  -0.2008388E-02   0.3103348E-02
      323.    0.3852271E-02  -0.2008438E-02   0.3103769E-02
      324.    0.3942361E-02  -0.2008488E-02   0.3104012E-02
      325.    0.4033795E-02  -0.2008538E-02   0.3104071E-02
      326.    0.4126578E-02  -0.2008587E-02   0.3103944E-02
      327.    0.4220718E-02  -0.2008637E-02   0.3103628E-02
      328.    0.4316220E-02  -0.2008687E-02   0.3103118E-02
      329.    0.4413091E-02  -0.2008737E-02   0.3102412E-02
      330.    0.4511338E-02  -0.2008787E-02   0.3101507E-02
      331.    0.4610967E-02  -0.2008837E-02   0.3100398E-02
      332.    0.4711984E-02  -0.2008887E-02   0.3099082E-02
      333.    0.4814397E-02  -0.2008937E-02   0.3097557E-02
      334.    0.4918211E-02  -0.2008987E-02   0.3095818E-02
      335.    0.6993714E-02  -0.2051328E-02   0.3060398E-02
      336.    0.1676318E-01   0.1187330E-04   0.3061072E-02
      337.    0.7077604E-02  -0.2056252E-02   0.3060406E-02
      338.    0.7161852E-02  -0.2061189E-02   0.3060414E-02
      339.    0.7246466E-02  -0.2066118E-02   0.3060421E-02
      340.    0.7331450E-02  -0.2071017E-02   0.3060429E-02
      341.    0.7416813E-02  -0.2075865E-02   0.3060437E-02
      342.    0.7502561E-02  -0.2080639E-02   0.3060444E-02
      343.    0.7588699E-02  -0.2085317E-02   0.3060452E-02
      344.    0.7675235E-02  -0.2089878E-02   0.3060460E-02
      345.    0.7762176E-02  -0.2094300E-02   0.3060467E-02
      346.    0.7849528E-02  -0.2098560E-02   0.3060475E-02
      347.    0.7937297E-02  -0.2102639E-02   0.3060483E-02
      348.    0.8025491E-02  -0.2106512E-02   0.3060490E-02
      349.    0.8114115E-02  -0.2110159E-02   0.3060498E-02
      350.    0.8203176E-02  -0.2113558E-02   0.3060505E-02
      351.    0.8292682E-02  -0.2116688E-02   0.3060513E-02
      352.    0.8382638E-02  -0.2119525E-02   0.3060521E-02
      353.    0.8473052E-02  -0.2122048E-02   0.3060528E-02
      354.    0.8563929E-02  -0.2124237E-02   0.3060536E-02
      355.    0.8655277E-02  -0.2126068E-02   0.3060543E-02
      356.    0.8747102E-02  -0.2127520E-02   0.3060551E-02
      357.    0.8839411E-02  -0.2128571E-02   0.3060559E-02
      358.    0.8932211E-02  -0.2129199E-02   0.3060566E-02
      359.    0.9025508E-02  -0.2129383E-02   0.3060574E-02
      360.    0.9119308E-02  -0.2129101E-02   0.3060581E-02
      361.    0.9213619E-02  -0.2128331E-02   0.3060589E-02
      362.    0.9308447E-02  -0.2127051E-02   0.3060596E-02
      363.    0.9403799E-02  -0.2125239E-02   0.3060604E-02
      364.    0.9499682E-02  -0.2122874E-02   0.3060611E-02
      365.    0.9596101E-02  -0.2119933E-02   0.3060619E-02
      366.    0.9693065E-02  -0.2116396E-02   0.3060627E-02
      367.    0.9790579E-02  -0.2112240E-02   0.3060634E-02
      368.    0.9888651E-02  -0.2107443E-02   0.3060642E-02
      369.    0.9987286E-02  -0.2101984E-02   0.3060649E-02
      370.    0.1008649E-01  -0.2095841E-02   0.3060657E-02
      371.    0.1018628E-01  -0.2088992E-02   0.3060664E-02
      372.    0.1028664E-01  -0.2081415E-02   0.3060672E-02
      373.    0.1038760E-01  -0.2073088E-02   0.3060679E-02
      374.    0.1048916E-01  -0.2063990E-02   0.3060687E-02
      375.    0.1059132E-01  -0.2054099E-02   0.3060694E-02
      376.    0.1069409E-01  -0.2043394E-02   0.3060702E-02
      377.    0.1079748E-01  -0.2031851E-02   0.3060709E-02
      378.    0.1090150E-01  -0.2019451E-02   0.3060717E-02
      379.    0.1100615E-01  -0.2006170E-02   0.3060724E-02
      380.    0.1111143E-01  -0.1991987E-02   0.3060732E-02
      381.    0.1121736E-01  -0.1976880E-02   0.3060739E-02
      382.    0.1132394E-01  -0.1960828E-02   0.3060747E-02
      383.    0.1143118E-01  -0.1943808E-02   0.3060754E-02
      384.    0.1153909E-01  -0.1925799E-02   0.3060762E-02
      385.    0.1164766E-01  -0.1906780E-02   0.3060769E-02
      386.    0.1175692E-01  -0.1886728E-02   0.3060777E-02
      387.    0.1186686E-01  -0.1865621E-02   0.3060784E-02
      388.    0.1197750E-01  -0.1843439E-02   0.3060792E-02
      389.    0.1208883E-01  -0.1820158E-02   0.3060799E-02
      390.    0.1220088E-01  -0.1795758E-02   0.3060806E-02
      391.    0.1231363E-01  -0.1770217E-02   0.3060814E-02
      392.    0.1242711E-01  -0.1743512E-02   0.3060821E-02
      393.    0.1254131E-01  -0.1715622E-02   0.3060829E-02
      394.    0.1265624E-01  -0.1686526E-02   0.3060836E-02
      395.    0.1277192E-01  -0.1656201E-02   0.3060844E-02
      396.    0.1288834E-01  -0.1624626E-02   0.3060851E-02
      397.    0.1300552E-01  -0.1591779E-02   0.3060858E-02
      398.    0.1312346E-01  -0.1557638E-02   0.3060866E-02
      399.    0.1324217E-01  -0.1522181E-02   0.3060873E-02
      400.    0.1336165E-01  -0.1485388E-02   0.3060881E-02
      401.    0.1348192E-01  -0.1447235E-02   0.3060888E-02
      402.    0.1360297E-01  -0.1407702E-02   0.3060896E-02
      403.    0.1372482E-01  -0.1366766E-02   0.3060903E-02
      404.    0.1384748E-01  -0.1324406E-02   0.3060910E-02
      405.    0.1397094E-01  -0.1280599E-02   0.3060918E-02
      406.    0.1409522E-01  -0.1235325E-02   0.3060925E-02
      407.    0.1422033E-01  -0.1188562E-02   0.3060932E-02
      408.    0.1434626E-01  -0.1140287E-02   0.3060940E-02
      409.    0.1447304E-01  -0.1090480E-02   0.3060947E-02
      410.    0.1460065E-01  -0.1039117E-02   0.3060955E-02
      411.    0.1472912E-01  -0.9861780E-03   0.3060962E-02
      412.    0.1485845E-01  -0.9316407E-03   0.3060969E-02
      413.    0.1498865E-01  -0.8754835E-03   0.3060977E-02
      414.    0.1511971E-01  -0.8176845E-03   0.3060984E-02
      415.    0.1525166E-01  -0.7582220E-03   0.3060991E-02
      416.    0.1538449E-01  -0.6970743E-03   0.3060999E-02
      417.    0.1551822E-01  -0.6342197E-03   0.3061006E-02
      418.    0.1565285E-01  -0.5696363E-03   0.3061013E-02
      419.    0.1578839E-01  -0.5033025E-03   0.3061021E-02
      420.    0.1592484E-01  -0.4351964E-03   0.3061028E-02
      421.    0.1606222E-01  -0.3652965E-03   0.3061035E-02
      422.    0.1620052E-01  -0.2935808E-03   0.3061043E-02
      423.    0.1633976E-01  -0.2200278E-03   0.3061050E-02
      424.    0.1647995E-01  -0.1446156E-03   0.3061057E-02
      425.    0.1662108E-01  -0.6732245E-04   0.3061065E-02
      426.    0.3672448E-01   0.1696426E-01   0.3059370E-02
      427.    0.1690699E-01   0.9428831E-04   0.3061053E-02
      428.    0.1705285E-01   0.1799697E-03   0.3061034E-02
      429.    0.1720076E-01   0.2688873E-03   0.3061016E-02
      430.    0.1735070E-01   0.3610109E-03   0.3060997E-02
      431.    0.1750266E-01   0.4563102E-03   0.3060978E-02
      432.    0.1765663E-01   0.5547550E-03   0.3060959E-02
      433.    0.1781260E-01   0.6563151E-03   0.3060941E-02
      434.    0.1797055E-01   0.7609604E-03   0.3060922E-02
      435.    0.1813049E-01   0.8686604E-03   0.3060903E-02
      436.    0.1829240E-01   0.9793851E-03   0.3060884E-02
      437.    0.1845626E-01   0.1093104E-02   0.3060866E-02
      438.    0.1862207E-01   0.1209788E-02   0.3060847E-02
      439.    0.1878982E-01   0.1329405E-02   0.3060828E-02
      440.    0.1895949E-01   0.1451926E-02   0.3060809E-02
      441.    0.1913109E-01   0.1577321E-02   0.3060791E-02
      442.    0.1930459E-01   0.1705559E-02   0.3060772E-02
      443.    0.1947998E-01   0.1836610E-02   0.3060753E-02
      444.    0.1965726E-01   0.1970444E-02   0.3060734E-02
      445.    0.1983642E-01   0.2107031E-02   0.3060715E-02
      446.    0.2001744E-01   0.2246340E-02   0.3060696E-02
      447.    0.2020031E-01   0.2388341E-02   0.3060678E-02
      448.    0.2038504E-01   0.2533005E-02   0.3060659E-02
      449.    0.2057159E-01   0.2680300E-02   0.3060640E-02
      450.    0.2075997E-01   0.2830197E-02   0.3060621E-02
      451.    0.2095016E-01   0.2982666E-02   0.3060602E-02
      452.    0.2114216E-01   0.3137676E-02   0.3060584E-02
      453.    0.2133595E-01   0.3295196E-02   0.3060565E-02
      454.    0.2153152E-01   0.3455198E-02   0.3060546E-02
      455.    0.2172887E-01   0.3617650E-02   0.3060527E-02
      456.    0.2192798E-01   0.3782523E-02   0.3060508E-02
      457.    0.2212884E-01   0.3949786E-02   0.3060489E-02
      458.    0.2233145E-01   0.4119409E-02   0.3060470E-02
      459.    0.2253579E-01   0.4291362E-02   0.3060452E-02
      460.    0.2274185E-01   0.4465614E-02   0.3060433E-02
      461.    0.2294962E-01   0.4642137E-02   0.3060414E-02
      462.    0.2315909E-01   0.4820898E-02   0.3060395E-02
      463.    0.2337026E-01   0.5001868E-02   0.3060376E-02
      464.    0.2358311E-01   0.5185018E-02   0.3060357E-02
      465.    0.2379763E-01   0.5370316E-02   0.3060338E-02
      466.    0.2401381E-01   0.5557733E-02   0.3060319E-02
      467.    0.2423165E-01   0.5747239E-02   0.3060301E-02
      468.    0.2445112E-01   0.5938802E-02   0.3060282E-02
      469.    0.2467223E-01   0.6132394E-02   0.3060263E-02
      470.    0.2489496E-01   0.6327984E-02   0.3060244E-02
      471.    0.2511930E-01   0.6525541E-02   0.3060225E-02
      472.    0.2534525E-01   0.6725036E-02   0.3060206E-02
      473.    0.2557279E-01   0.6926439E-02   0.3060187E-02
      474.    0.2580190E-01   0.7129719E-02   0.3060168E-02
      475.    0.2603260E-01   0.7334847E-02   0.3060149E-02
      476.    0.2626485E-01   0.7541791E-02   0.3060130E-02
      477.    0.2649866E-01   0.7750522E-02   0.3060111E-02
      478.    0.2673400E-01   0.7961011E-02   0.3060092E-02
      479.    0.2697088E-01   0.8173225E-02   0.3060073E-02
      480.    0.2720929E-01   0.8387137E-02   0.3060055E-02
      481.    0.2744921E-01   0.8602715E-02   0.3060036E-02
      482.    0.2769063E-01   0.8819929E-02   0.3060017E-02
      483.    0.2793354E-01   0.9038750E-02   0.3059998E-02
      484.    0.2817794E-01   0.9259147E-02   0.3059979E-02
      485.    0.2842381E-01   0.9481090E-02   0.3059960E-02
      486.    0.2867115E-01   0.9704548E-02   0.3059941E-02
      487.    0.2891994E-01   0.9929493E-02   0.3059922E-02
      488.    0.2917017E-01   0.1015589E-01   0.3059903E-02
      489.    0.2942184E-01   0.1038372E-01   0.3059884E-02
      490.    0.2967494E-01   0.1061294E-01   0.3059865E-02
      491.    0.2992945E-01   0.1084353E-01   0.3059846E-02
      492.    0.3018537E-01   0.1107545E-01   0.3059827E-02
      493.    0.3044268E-01   0.1130868E-01   0.3059808E-02
      494.    0.3070138E-01   0.1154319E-01   0.3059789E-02
      495.    0.3096146E-01   0.1177894E-01   0.3059770E-02
      496.    0.3122291E-01   0.1201590E-01   0.3059751E-02
      497.    0.3148571E-01   0.1225405E-01   0.3059732E-02
      498.    0.3174987E-01   0.1249336E-01   0.3059713E-02
      499.    0.3201536E-01   0.1273379E-01   0.3059694E-02
      500.    0.3228218E-01   0.1297532E-01   0.3059675E-02
      501.    0.3255032E-01   0.1321791E-01   0.3059656E-02
      502.    0.3281978E-01   0.1346154E-01   0.3059637E-02
      503.    0.3309053E-01   0.1370617E-01   0.3059618E-02
      504.    0.3336258E-01   0.1395178E-01   0.3059599E-02
      505.    0.3363590E-01   0.1419833E-01   0.3059580E-02
      506.    0.3391051E-01   0.1444580E-01   0.3059561E-02
      507.    0.3418637E-01   0.1469415E-01   0.3059541E-02
      508.    0.3446349E-01   0.1494337E-01   0.3059522E-02
      509.    0.3474185E-01   0.1519340E-01   0.3059503E-02
      510.    0.3502145E-01   0.1544423E-01   0.3059484E-02
      511.    0.3530228E-01   0.1569583E-01   0.3059465E-02
      512.    0.3558432E-01   0.1594817E-01   0.3059446E-02
      513.    0.3586757E-01   0.1620121E-01   0.3059427E-02
      514.    0.3615202E-01   0.1645492E-01   0.3059408E-02
      515.    0.3643766E-01   0.1670929E-01   0.3059389E-02
      516.    0.3966324E-01   0.2726157E-01   0.7436619E-04
      517.    0.3966602E-01   0.1970076E+00  -0.6302728E-01
      518.    0.3966326E-01   0.2805761E-01  -0.2305369E-03
      519.    0.3966328E-01   0.2885697E-01  -0.5364289E-03
      520.    0.3966330E-01   0.2965960E-01  -0.8433014E-03
      521.    0.3966332E-01   0.3046549E-01  -0.1151146E-02
      522.    0.3966334E-01   0.3127460E-01  -0.1459955E-02
      523.    0.3966336E-01   0.3208691E-01  -0.1769719E-02
      524.    0.3966338E-01   0.3290237E-01  -0.2080430E-02
      525.    0.3966340E-01   0.3372097E-01  -0.2392080E-02
      526.    0.3966342E-01   0.3454267E-01  -0.2704660E-02
      527.    0.3966344E-01   0.3536745E-01  -0.3018162E-02
      528.    0.3966346E-01   0.3619528E-01  -0.3332577E-02
      529.    0.3966348E-01   0.3702612E-01  -0.3647898E-02
      530.    0.3966350E-01   0.3785994E-01  -0.3964116E-02
      531.    0.3966352E-01   0.3869672E-01  -0.4281222E-02
      532.    0.3966354E-01   0.3953643E-01  -0.4599208E-02
      533.    0.3966356E-01   0.4037904E-01  -0.4918066E-02
      534.    0.3966358E-01   0.4122451E-01  -0.5237787E-02
      535.    0.3966359E-01   0.4207283E-01  -0.5558364E-02
      536.    0.3966361E-01   0.4292395E-01  -0.5879787E-02
      537.    0.3966363E-01   0.4377786E-01  -0.6202048E-02
      538.    0.3966365E-01   0.4463451E-01  -0.6525140E-02
      539.    0.3966367E-01   0.4549389E-01  -0.6849053E-02
      540.    0.3966369E-01   0.4635596E-01  -0.7173780E-02
      541.    0.3966371E-01   0.4722070E-01  -0.7499311E-02
      542.    0.3966373E-01   0.4808807E-01  -0.7825639E-02
      543.    0.3966375E-01   0.4895804E-01  -0.8152756E-02
      544.    0.3966377E-01   0.4983060E-01  -0.8480653E-02
      545.    0.3966378E-01   0.5070569E-01  -0.8809321E-02
      546.    0.3966380E-01   0.5158331E-01  -0.9138753E-02
      547.    0.3966382E-01   0.5246342E-01  -0.9468940E-02
      548.    0.3966384E-01   0.5334598E-01  -0.9799873E-02
      549.    0.3966386E-01   0.5423098E-01  -0.1013155E-01
      550.    0.3966388E-01   0.5511838E-01  -0.1046395E-01
      551.    0.3966389E-01   0.5600815E-01  -0.1079707E-01
      552.    0.3966391E-01   0.5690027E-01  -0.1113091E-01
      553.    0.3966393E-01   0.5779470E-01  -0.1146545E-01
      554.    0.3966395E-01   0.5869142E-01  -0.1180069E-01
      555.    0.3966397E-01   0.5959039E-01  -0.1213662E-01
      556.    0.3966399E-01   0.6049160E-01  -0.1247323E-01
      557.    0.3966400E-01   0.6139500E-01  -0.1281052E-01
      558.    0.3966402E-01   0.6230058E-01  -0.1314846E-01
      559.    0.3966404E-01   0.6320830E-01  -0.1348706E-01
      560.    0.3966406E-01   0.6411814E-01  -0.1382632E-01
      561.    0.3966408E-01   0.6503006E-01  -0.1416620E-01
      562.    0.3966409E-01   0.6594404E-01  -0.1450673E-01
      563.    0.3966411E-01   0.6686005E-01  -0.1484787E-01
      564.    0.3966413E-01   0.6777806E-01  -0.1518963E-01
      565.    0.3966415E-01   0.6869804E-01  -0.1553199E-01
      566.    0.3966416E-01   0.6961996E-01  -0.1587496E-01
      567.    0.3966418E-01   0.7054380E-01  -0.1621851E-01
      568.    0.3966420E-01   0.7146953E-01  -0.1656265E-01
      569.    0.3966422E-01   0.7239712E-01  -0.1690736E-01
      570.    0.3966423E-01   0.7332653E-01  -0.1725264E-01
      571.    0.3966425E-01   0.7425775E-01  -0.1759847E-01
      572.    0.3966427E-01   0.7519075E-01  -0.1794485E-01
      573.    0.3966429E-01   0.7612549E-01  -0.1829178E-01
      574.    0.3966430E-01   0.7706194E-01  -0.1863924E-01
      575.    0.3966432E-01   0.7800009E-01  -0.1898722E-01
      576.    0.3966434E-01   0.7893990E-01  -0.1933573E-01
      577.    0.3966435E-01   0.7988135E-01  -0.1968474E-01
      578.    0.3966437E-01   0.8082440E-01  -0.2003425E-01
      579.    0.3966439E-01   0.8176903E-01  -0.2038426E-01
      580.    0.3966441E-01   0.8271521E-01  -0.2073475E-01
      581.    0.3966442E-01   0.8366291E-01  -0.2108571E-01
      582.    0.3966444E-01   0.8461211E-01  -0.2143715E-01
      583.    0.3966446E-01   0.8556278E-01  -0.2178905E-01
      584.    0.3966447E-01   0.8651488E-01  -0.2214140E-01
      585.    0.3966449E-01   0.8746840E-01  -0.2249420E-01
      586.    0.3966451E-01   0.8842331E-01  -0.2284743E-01
      587.    0.3966452E-01   0.8937957E-01  -0.2320109E-01
      588.    0.3966454E-01   0.9033716E-01  -0.2355518E-01
      589.    0.3966455E-01   0.9129606E-01  -0.2390967E-01
      590.    0.3966457E-01   0.9225623E-01  -0.2426458E-01
      591.    0.3966459E-01   0.9321765E-01  -0.2461988E-01
      592.    0.3966460E-01   0.9418029E-01  -0.2497557E-01
      593.    0.3966462E-01   0.9514412E-01  -0.2533164E-01
      594.    0.3966464E-01   0.9610912E-01  -0.2568809E-01
      595.    0.3966465E-01   0.9707527E-01  -0.2604490E-01
      596.    0.3966467E-01   0.9804252E-01  -0.2640207E-01
      597.    0.3966468E-01   0.9901086E-01  -0.2675959E-01
      598.    0.3966470E-01   0.9998026E-01  -0.2711746E-01
      599.    0.3966472E-01   0.1009507E+00  -0.2747566E-01
      600.    0.3966473E-01   0.1019221E+00  -0.2783418E-01
      601.    0.3966475E-01   0.1028946E+00  -0.2819303E-01
      602.    0.3966476E-01   0.1038679E+00  -0.2855219E-01
      603.    0.3966478E-01   0.1048422E+00  -0.2891165E-01
      604.    0.3966479E-01   0.1058174E+00  -0.2927141E-01
      605.    0.3966481E-01   0.1067935E+00  -0.2963145E-01
      606.    0.3966483E-01   0.1077704E+00  -0.2999178E-01
      607.    0.3966484E-01   0.1087481E+00  -0.3035238E-01
      608.    0.3966486E-01   0.1097267E+00  -0.3071325E-01
      609.    0.3966487E-01   0.1107060E+00  -0.3107438E-01
      610.    0.3966489E-01   0.1116860E+00  -0.3143575E-01
      611.    0.3966490E-01   0.1126668E+00  -0.3179737E-01
      612.    0.3966492E-01   0.1136482E+00  -0.3215923E-01
      613.    0.3966493E-01   0.1146303E+00  -0.3252131E-01
      614.    0.3966495E-01   0.1156131E+00  -0.3288361E-01
      615.    0.3966496E-01   0.1165964E+00  -0.3324613E-01
      616.    0.3966498E-01   0.1175804E+00  -0.3360885E-01
      617.    0.3966499E-01   0.1185649E+00  -0.3397177E-01
      618.    0.3966501E-01   0.1195499E+00  -0.3433488E-01
      619.    0.3966502E-01   0.1205354E+00  -0.3469817E-01
      620.    0.3966504E-01   0.1215215E+00  -0.3506164E-01
      621.    0.3966505E-01   0.1225080E+00  -0.3542528E-01
      622.    0.3966507E-01   0.1234949E+00  -0.3578907E-01
      623.    0.3966508E-01   0.1244822E+00  -0.3615302E-01
      624.    0.3966510E-01   0.1254699E+00  -0.3651712E-01
      625.    0.3966511E-01   0.1264580E+00  -0.3688136E-01
      626.    0.3966513E-01   0.1274464E+00  -0.3724573E-01
      627.    0.3966514E-01   0.1284351E+00  -0.3761022E-01
      628.    0.3966515E-01   0.1294241E+00  -0.3797483E-01
      629.    0.3966517E-01   0.1304134E+00  -0.3833955E-01
      630.    0.3966518E-01   0.1314029E+00  -0.3870437E-01
      631.    0.3966520E-01   0.1323926E+00  -0.3906929E-01
      632.    0.3966521E-01   0.1333824E+00  -0.3943430E-01
      633.    0.3966523E-01   0.1343725E+00  -0.3979938E-01
      634.    0.3966524E-01   0.1353627E+00  -0.4016455E-01
      635.    0.3966525E-01   0.1363529E+00  -0.4052978E-01
      636.    0.3966527E-01   0.1373433E+00  -0.4089506E-01
      637.    0.3966528E-01   0.1383337E+00  -0.4126041E-01
      638.    0.3966530E-01   0.1393242E+00  -0.4162580E-01
      639.    0.3966531E-01   0.1403147E+00  -0.4199122E-01
      640.    0.3966532E-01   0.1413052E+00  -0.4235668E-01
      641.    0.3966534E-01   0.1422956E+00  -0.4272217E-01
      642.    0.3966535E-01   0.1432860E+00  -0.4308767E-01
      643.    0.3966536E-01   0.1442763E+00  -0.4345318E-01
      644.    0.3966538E-01   0.1452665E+00  -0.4381870E-01
      645.    0.3966539E-01   0.1462565E+00  -0.4418422E-01
      646.    0.3966540E-01   0.1472464E+00  -0.4454972E-01
      647.    0.3966542E-01   0.1482362E+00  -0.4491522E-01
      648.    0.3966543E-01   0.1492257E+00  -0.4528068E-01
      649.    0.3966544E-01   0.1502150E+00  -0.4564612E-01
      650.    0.3966546E-01   0.1512041E+00  -0.4601152E-01
      651.    0.3966547E-01   0.1521929E+00  -0.4637688E-01
      652.    0.3966548E-01   0.1531814E+00  -0.4674219E-01
      653.    0.3966550E-01   0.1541696E+00  -0.4710745E-01
      654.    0.3966551E-01   0.1551574E+00  -0.4747264E-01
      655.    0.3966552E-01   0.1561449E+00  -0.4783776E-01
      656.    0.3966554E-01   0.1571320E+00  -0.4820280E-01
      657.    0.3966555E-01   0.1581188E+00  -0.4856777E-01
      658.    0.3966556E-01   0.1591050E+00  -0.4893264E-01
      659.    0.3966557E-01   0.1600909E+00  -0.4929742E-01
      660.    0.3966559E-01   0.1610762E+00  -0.4966210E-01
      661.    0.3966560E-01   0.1620611E+00  -0.5002666E-01
      662.    0.3966561E-01   0.1630454E+00  -0.5039112E-01
      663.    0.3966563E-01   0.1640292E+00  -0.5075545E-01
      664.    0.3966564E-01   0.1650125E+00  -0.5111965E-01
      665.    0.3966565E-01   0.1659951E+00  -0.5148372E-01
      666.    0.3966566E-01   0.1669772E+00  -0.5184766E-01
      667.    0.3966567E-01   0.1679586E+00  -0.5221144E-01
      668.    0.3966569E-01   0.1689394E+00  -0.5257507E-01
      669.    0.3966570E-01   0.1699195E+00  -0.5293855E-01
      670.    0.3966571E-01   0.1708990E+00  -0.5330186E-01
      671.    0.3966572E-01   0.1718777E+00  -0.5366499E-01
      672.    0.3966574E-01   0.1728557E+00  -0.5402795E-01
      673.    0.3966575E-01   0.1738329E+00  -0.5439073E-01
      674.    0.3966576E-01   0.1748094E+00  -0.5475332E-01
      675.    0.3966577E-01   0.1757850E+00  -0.5511571E-01
      676.    0.3966578E-01   0.1767599E+00  -0.5547791E-01
      677.    0.3966580E-01   0.1777339E+00  -0.5583989E-01
      678.    0.3966581E-01   0.1787070E+00  -0.5620166E-01
      679.    0.3966582E-01   0.1796793E+00  -0.5656322E-01
      680.    0.3966583E-01   0.1806507E+00  -0.5692455E-01
      681.    0.3966584E-01   0.1816211E+00  -0.5728565E-01
      682.    0.3966585E-01   0.1825907E+00  -0.5764651E-01
      683.    0.3966587E-01   0.1835592E+00  -0.5800713E-01
      684.    0.3966588E-01   0.1845268E+00  -0.5836750E-01
      685.    0.3966589E-01   0.1854934E+00  -0.5872762E-01
      686.    0.3966590E-01   0.1864590E+00  -0.5908748E-01
      687.    0.3966591E-01   0.1874235E+00  -0.5944708E-01
      688.    0.3966592E-01   0.1883870E+00  -0.5980640E-01
      689.    0.3966593E-01   0.1893494E+00  -0.6016546E-01
      690.    0.3966594E-01   0.1903107E+00  -0.6052422E-01
      691.    0.3966596E-01   0.1912709E+00  -0.6088271E-01
      692.    0.3966597E-01   0.1922299E+00  -0.6124090E-01
      693.    0.3966598E-01   0.1931878E+00  -0.6159879E-01
      694.    0.3966599E-01   0.1941446E+00  -0.6195638E-01
      695.    0.3966600E-01   0.1951001E+00  -0.6231366E-01
      696.    0.3966601E-01   0.1960544E+00  -0.6267063E-01
      697.    0.4319518E-01   0.2097383E+00  -0.6657240E-01
      698.    0.5350710E-01   0.2196382E+00  -0.6657268E-01
      699.    0.4354561E-01   0.2100690E+00  -0.6657241E-01
      700.    0.4389561E-01   0.2103997E+00  -0.6657242E-01
      701.    0.4424518E-01   0.2107305E+00  -0.6657243E-01
      702.    0.4459432E-01   0.2110614E+00  -0.6657244E-01
      703.    0.4494303E-01   0.2113924E+00  -0.6657245E-01
      704.    0.4529129E-01   0.2117234E+00  -0.6657246E-01
      705.    0.4563911E-01   0.2120544E+00  -0.6657247E-01
      706.    0.4598649E-01   0.2123854E+00  -0.6657248E-01
      707.    0.4633341E-01   0.2127164E+00  -0.6657249E-01
      708.    0.4667987E-01   0.2130474E+00  -0.6657250E-01
      709.    0.4702587E-01   0.2133783E+00  -0.6657251E-01
      710.    0.4737141E-01   0.2137092E+00  -0.6657252E-01
      711.    0.4771648E-01   0.2140400E+00  -0.6657253E-01
      712.    0.4806108E-01   0.2143707E+00  -0.6657254E-01
      713.    0.4840519E-01   0.2147013E+00  -0.6657255E-01
      714.    0.4874883E-01   0.2150318E+00  -0.6657256E-01
      715.    0.4909198E-01   0.2153621E+00  -0.6657257E-01
      716.    0.4943465E-01   0.2156923E+00  -0.6657258E-01
      717.    0.4977682E-01   0.2160223E+00  -0.6657258E-01
      718.    0.5011849E-01   0.2163522E+00  -0.6657259E-01
      719.    0.5045967E-01   0.2166819E+00  -0.6657260E-01
      720.    0.5080034E-01   0.2170114E+00  -0.6657261E-01
      721.    0.5114050E-01   0.2173406E+00  -0.6657262E-01
      722.    0.5148015E-01   0.2176696E+00  -0.6657263E-01
      723.    0.5181928E-01   0.2179984E+00  -0.6657264E-01
      724.    0.5215790E-01   0.2183269E+00  -0.6657264E-01
      725.    0.5249599E-01   0.2186552E+00  -0.6657265E-01
      726.    0.5283356E-01   0.2189832E+00  -0.6657266E-01
      727.    0.5317060E-01   0.2193108E+00  -0.6657267E-01
      728.    0.5683808E-01   0.2143335E+00  -0.6326554E-01
      729.    0.5683709E-01   0.1381377E-01   0.1110857E-01
      730.    0.5683809E-01   0.2134879E+00  -0.6293824E-01
      731.    0.5683809E-01   0.2126436E+00  -0.6261146E-01
      732.    0.5683810E-01   0.2118006E+00  -0.6228523E-01
      733.    0.5683811E-01   0.2109589E+00  -0.6195952E-01
      734.    0.5683811E-01   0.2101184E+00  -0.6163434E-01
      735.    0.5683812E-01   0.2092792E+00  -0.6130968E-01
      736.    0.5683813E-01   0.2084412E+00  -0.6098555E-01
      737.    0.5683813E-01   0.2076045E+00  -0.6066193E-01
      738.    0.5683814E-01   0.2067689E+00  -0.6033884E-01
      739.    0.5683815E-01   0.2059346E+00  -0.6001625E-01
      740.    0.5683815E-01   0.2051015E+00  -0.5969418E-01
      741.    0.5683816E-01   0.2042696E+00  -0.5937262E-01
      742.    0.5683816E-01   0.2034388E+00  -0.5905156E-01
      743.    0.5683817E-01   0.2026093E+00  -0.5873101E-01
      744.    0.5683818E-01   0.2017809E+00  -0.5841096E-01
      745.    0.5683818E-01   0.2009536E+00  -0.5809141E-01
      746.    0.5683819E-01   0.2001275E+00  -0.5777236E-01
      747.    0.5683819E-01   0.1993025E+00  -0.5745380E-01
      748.    0.5683820E-01   0.1984787E+00  -0.5713573E-01
      749.    0.5683820E-01   0.1976560E+00  -0.5681816E-01
      750.    0.5683821E-01   0.1968344E+00  -0.5650107E-01
      751.    0.5683821E-01   0.1960139E+00  -0.5618447E-01
      752.    0.5683822E-01   0.1951945E+00  -0.5586835E-01
      753.    0.5683822E-01   0.1943762E+00  -0.5555271E-01
      754.    0.5683823E-01   0.1935589E+00  -0.5523756E-01
      755.    0.5683823E-01   0.1927428E+00  -0.5492288E-01
      756.    0.5683824E-01   0.1919277E+00  -0.5460867E-01
      757.    0.5683824E-01   0.1911136E+00  -0.5429494E-01
      758.    0.5683825E-01   0.1903006E+00  -0.5398169E-01
      759.    0.5683825E-01   0.1894886E+00  -0.5366890E-01
      760.    0.5683826E-01   0.1886777E+00  -0.5335658E-01
      761.    0.5683826E-01   0.1878678E+00  -0.5304472E-01
      762.    0.5683827E-01   0.1870589E+00  -0.5273333E-01
      763.    0.5683827E-01   0.1862510E+00  -0.5242240E-01
      764.    0.5683828E-01   0.1854442E+00  -0.5211193E-01
      765.    0.5683828E-01   0.1846383E+00  -0.5180192E-01
      766.    0.5683828E-01   0.1838334E+00  -0.5149237E-01
      767.    0.5683829E-01   0.1830295E+00  -0.5118327E-01
      768.    0.5683829E-01   0.1822266E+00  -0.5087463E-01
      769.    0.5683830E-01   0.1814246E+00  -0.5056644E-01
      770.    0.5683830E-01   0.1806236E+00  -0.5025869E-01
      771.    0.5683830E-01   0.1798236E+00  -0.4995140E-01
      772.    0.5683831E-01   0.1790245E+00  -0.4964456E-01
      773.    0.5683831E-01   0.1782264E+00  -0.4933816E-01
      774.    0.5683831E-01   0.1774292E+00  -0.4903220E-01
      775.    0.5683832E-01   0.1766330E+00  -0.4872669E-01
      776.    0.5683832E-01   0.1758376E+00  -0.4842162E-01
      777.    0.5683833E-01   0.1750432E+00  -0.4811699E-01
      778.    0.5683833E-01   0.1742497E+00  -0.4781280E-01
      779.    0.5683833E-01   0.1734572E+00  -0.4750905E-01
      780.    0.5683833E-01   0.1726655E+00  -0.4720573E-01
      781.    0.5683834E-01   0.1718747E+00  -0.4690285E-01
      782.    0.5683834E-01   0.1710848E+00  -0.4660040E-01
      783.    0.5683834E-01   0.1702959E+00  -0.4629838E-01
      784.    0.5683835E-01   0.1695078E+00  -0.4599679E-01
      785.    0.5683835E-01   0.1687206E+00  -0.4569564E-01
      786.    0.5683835E-01   0.1679342E+00  -0.4539491E-01
      787.    0.5683835E-01   0.1671488E+00  -0.4509461E-01
      788.    0.5683836E-01   0.1663642E+00  -0.4479474E-01
      789.    0.5683836E-01   0.1655804E+00  -0.4449529E-01
      790.    0.5683836E-01   0.1647976E+00  -0.4419627E-01
      791.    0.5683836E-01   0.1640155E+00  -0.4389767E-01
      792.    0.5683837E-01   0.1632344E+00  -0.4359949E-01
      793.    0.5683837E-01   0.1624540E+00  -0.4330174E-01
      794.    0.5683837E-01   0.1616746E+00  -0.4300440E-01
      795.    0.5683837E-01   0.1608959E+00  -0.4270749E-01
      796.    0.5683837E-01   0.1601181E+00  -0.4241099E-01
      797.    0.5683838E-01   0.1593411E+00  -0.4211491E-01
      798.    0.5683838E-01   0.1585650E+00  -0.4181925E-01
      799.    0.5683838E-01   0.1577897E+00  -0.4152401E-01
      800.    0.5683838E-01   0.1570152E+00  -0.4122918E-01
      801.    0.5683838E-01   0.1562415E+00  -0.4093476E-01
      802.    0.5683838E-01   0.1554686E+00  -0.4064076E-01
      803.    0.5683839E-01   0.1546965E+00  -0.4034717E-01
      804.    0.5683839E-01   0.1539253E+00  -0.4005400E-01
      805.    0.5683839E-01   0.1531548E+00  -0.3976123E-01
      806.    0.5683839E-01   0.1523852E+00  -0.3946888E-01
      807.    0.5683839E-01   0.1516163E+00  -0.3917694E-01
      808.    0.5683839E-01   0.1508483E+00  -0.3888540E-01
      809.    0.5683839E-01   0.1500810E+00  -0.3859428E-01
      810.    0.5683839E-01   0.1493146E+00  -0.3830357E-01
      811.    0.5683839E-01   0.1485489E+00  -0.3801326E-01
      812.    0.5683840E-01   0.1477840E+00  -0.3772336E-01
      813.    0.5683840E-01   0.1470199E+00  -0.3743387E-01
      814.    0.5683840E-01   0.1462566E+00  -0.3714478E-01
      815.    0.5683840E-01   0.1454940E+00  -0.3685611E-01
      816.    0.5683840E-01   0.1447322E+00  -0.3656783E-01
      817.    0.5683840E-01   0.1439713E+00  -0.3627996E-01
      818.    0.5683840E-01   0.1432110E+00  -0.3599250E-01
      819.    0.5683840E-01   0.1424516E+00  -0.3570544E-01
      820.    0.5683840E-01   0.1416929E+00  -0.3541879E-01
      821.    0.5683840E-01   0.1409350E+00  -0.3513254E-01
      822.    0.5683840E-01   0.1401779E+00  -0.3484669E-01
      823.    0.5683840E-01   0.1394215E+00  -0.3456125E-01
      824.    0.5683840E-01   0.1386659E+00  -0.3427621E-01
      825.    0.5683840E-01   0.1379110E+00  -0.3399157E-01
      826.    0.5683840E-01   0.1371570E+00  -0.3370733E-01
      827.    0.5683840E-01   0.1364036E+00  -0.3342350E-01
      828.    0.5683840E-01   0.1356511E+00  -0.3314007E-01
      829.    0.5683840E-01   0.1348993E+00  -0.3285704E-01
      830.    0.5683840E-01   0.1341482E+00  -0.3257441E-01
      831.    0.5683840E-01   0.1333979E+00  -0.3229219E-01
      832.    0.5683839E-01   0.1326484E+00  -0.3201036E-01
      833.    0.5683839E-01   0.1318996E+00  -0.3172894E-01
      834.    0.5683839E-01   0.1311516E+00  -0.3144792E-01
      835.    0.5683839E-01   0.1304044E+00  -0.3116730E-01
      836.    0.5683839E-01   0.1296578E+00  -0.3088708E-01
      837.    0.5683839E-01   0.1289121E+00  -0.3060726E-01
      838.    0.5683839E-01   0.1281671E+00  -0.3032784E-01
      839.    0.5683839E-01   0.1274228E+00  -0.3004883E-01
      840.    0.5683839E-01   0.1266793E+00  -0.2977021E-01
      841.    0.5683838E-01   0.1259366E+00  -0.2949200E-01
      842.    0.5683838E-01   0.1251946E+00  -0.2921418E-01
      843.    0.5683838E-01   0.1244534E+00  -0.2893677E-01
      844.    0.5683838E-01   0.1237129E+00  -0.2865976E-01
      845.    0.5683838E-01   0.1229732E+00  -0.2838316E-01
      846.    0.5683838E-01   0.1222342E+00  -0.2810695E-01
      847.    0.5683837E-01   0.1214960E+00  -0.2783115E-01
      848.    0.5683837E-01   0.1207585E+00  -0.2755574E-01
      849.    0.5683837E-01   0.1200218E+00  -0.2728074E-01
      850.    0.5683837E-01   0.1192858E+00  -0.2700614E-01
      851.    0.5683837E-01   0.1185506E+00  -0.2673195E-01
      852.    0.5683836E-01   0.1178162E+00  -0.2645816E-01
      853.    0.5683836E-01   0.1170825E+00  -0.2618477E-01
      854.    0.5683836E-01   0.1163496E+00  -0.2591178E-01
      855.    0.5683836E-01   0.1156174E+00  -0.2563920E-01
      856.    0.5683835E-01   0.1148860E+00  -0.2536702E-01
      857.    0.5683835E-01   0.1141553E+00  -0.2509524E-01
      858.    0.5683835E-01   0.1134255E+00  -0.2482387E-01
      859.    0.5683835E-01   0.1126963E+00  -0.2455291E-01
      860.    0.5683834E-01   0.1119680E+00  -0.2428235E-01
      861.    0.5683834E-01   0.1112404E+00  -0.2401219E-01
      862.    0.5683834E-01   0.1105136E+00  -0.2374244E-01
      863.    0.5683833E-01   0.1097875E+00  -0.2347310E-01
      864.    0.5683833E-01   0.1090623E+00  -0.2320416E-01
      865.    0.5683833E-01   0.1083378E+00  -0.2293563E-01
      866.    0.5683833E-01   0.1076140E+00  -0.2266751E-01
      867.    0.5683832E-01   0.1068911E+00  -0.2239979E-01
      868.    0.5683832E-01   0.1061689E+00  -0.2213248E-01
      869.    0.5683831E-01   0.1054475E+00  -0.2186559E-01
      870.    0.5683831E-01   0.1047269E+00  -0.2159910E-01
      871.    0.5683831E-01   0.1040070E+00  -0.2133302E-01
      872.    0.5683830E-01   0.1032880E+00  -0.2106735E-01
      873.    0.5683830E-01   0.1025697E+00  -0.2080209E-01
      874.    0.5683830E-01   0.1018523E+00  -0.2053724E-01
      875.    0.5683829E-01   0.1011356E+00  -0.2027281E-01
      876.    0.5683829E-01   0.1004197E+00  -0.2000878E-01
      877.    0.5683828E-01   0.9970459E-01  -0.1974517E-01
      878.    0.5683828E-01   0.9899029E-01  -0.1948198E-01
      879.    0.5683828E-01   0.9827679E-01  -0.1921919E-01
      880.    0.5683827E-01   0.9756410E-01  -0.1895682E-01
      881.    0.5683827E-01   0.9685222E-01  -0.1869487E-01
      882.    0.5683826E-01   0.9614114E-01  -0.1843333E-01
      883.    0.5683826E-01   0.9543087E-01  -0.1817221E-01
      884.    0.5683825E-01   0.9472141E-01  -0.1791151E-01
      885.    0.5683825E-01   0.9401277E-01  -0.1765122E-01
      886.    0.5683824E-01   0.9330495E-01  -0.1739135E-01
      887.    0.5683824E-01   0.9259795E-01  -0.1713190E-01
      888.    0.5683823E-01   0.9189178E-01  -0.1687287E-01
      889.    0.5683823E-01   0.9118643E-01  -0.1661426E-01
      890.    0.5683822E-01   0.9048192E-01  -0.1635608E-01
      891.    0.5683822E-01   0.8977823E-01  -0.1609831E-01
      892.    0.5683821E-01   0.8907539E-01  -0.1584097E-01
      893.    0.5683821E-01   0.8837338E-01  -0.1558404E-01
      894.    0.5683820E-01   0.8767222E-01  -0.1532755E-01
      895.    0.5683820E-01   0.8697190E-01  -0.1507148E-01
      896.    0.5683819E-01   0.8627243E-01  -0.1481583E-01
      897.    0.5683819E-01   0.8557382E-01  -0.1456061E-01
      898.    0.5683818E-01   0.8487606E-01  -0.1430581E-01
      899.    0.5683818E-01   0.8417916E-01  -0.1405145E-01
      900.    0.5683817E-01   0.8348313E-01  -0.1379751E-01
      901.    0.5683816E-01   0.8278796E-01  -0.1354400E-01
      902.    0.5683816E-01   0.8209366E-01  -0.1329092E-01
      903.    0.5683815E-01   0.8140023E-01  -0.1303827E-01
      904.    0.5683815E-01   0.8070769E-01  -0.1278606E-01
      905.    0.5683814E-01   0.8001602E-01  -0.1253427E-01
      906.    0.5683813E-01   0.7932524E-01  -0.1228292E-01
      907.    0.5683813E-01   0.7863535E-01  -0.1203201E-01
      908.    0.5683812E-01   0.7794635E-01  -0.1178153E-01
      909.    0.5683811E-01   0.7725825E-01  -0.1153148E-01
      910.    0.5683811E-01   0.7657105E-01  -0.1128187E-01
      911.    0.5683810E-01   0.7588475E-01  -0.1103270E-01
      912.    0.5683809E-01   0.7519937E-01  -0.1078397E-01
      913.    0.5683809E-01   0.7451489E-01  -0.1053568E-01
      914.    0.5683808E-01   0.7383133E-01  -0.1028782E-01
      915.    0.5683807E-01   0.7314870E-01  -0.1004041E-01
      916.    0.5683807E-01   0.7246699E-01  -0.9793442E-02
      917.    0.5683806E-01   0.7178621E-01  -0.9546915E-02
      918.    0.5683805E-01   0.7110636E-01  -0.9300832E-02
      919.    0.5683805E-01   0.7042745E-01  -0.9055193E-02
      920.    0.5683804E-01   0.6974949E-01  -0.8810000E-02
      921.    0.5683803E-01   0.6907247E-01  -0.8565254E-02
      922.    0.5683802E-01   0.6839640E-01  -0.8320955E-02
      923.    0.5683802E-01   0.6772129E-01  -0.8077104E-02
      924.    0.5683801E-01   0.6704715E-01  -0.7833702E-02
      925.    0.5683800E-01   0.6637396E-01  -0.7590751E-02
      926.    0.5683799E-01   0.6570175E-01  -0.7348251E-02
      927.    0.5683798E-01   0.6503051E-01  -0.7106204E-02
      928.    0.5683798E-01   0.6436025E-01  -0.6864609E-02
      929.    0.5683797E-01   0.6369097E-01  -0.6623468E-02
      930.    0.5683796E-01   0.6302269E-01  -0.6382783E-02
      931.    0.5683795E-01   0.6235539E-01  -0.6142553E-02
      932.    0.5683794E-01   0.6168910E-01  -0.5902780E-02
      933.    0.5683794E-01   0.6102381E-01  -0.5663466E-02
      934.    0.5683793E-01   0.6035952E-01  -0.5424610E-02
      935.    0.5683792E-01   0.5969625E-01  -0.5186214E-02
      936.    0.5683791E-01   0.5903400E-01  -0.4948279E-02
      937.    0.5683790E-01   0.5837277E-01  -0.4710805E-02
      938.    0.5683789E-01   0.5771257E-01  -0.4473795E-02
      939.    0.5683789E-01   0.5705341E-01  -0.4237248E-02
      940.    0.5683788E-01   0.5639528E-01  -0.4001166E-02
      941.    0.5683787E-01   0.5573819E-01  -0.3765550E-02
      942.    0.5683786E-01   0.5508216E-01  -0.3530401E-02
      943.    0.5683785E-01   0.5442718E-01  -0.3295720E-02
      944.    0.5683784E-01   0.5377325E-01  -0.3061507E-02
      945.    0.5683783E-01   0.5312040E-01  -0.2827764E-02
      946.    0.5683782E-01   0.5246861E-01  -0.2594493E-02
      947.    0.5683781E-01   0.5181790E-01  -0.2361692E-02
      948.    0.5683780E-01   0.5116827E-01  -0.2129365E-02
      949.    0.5683779E-01   0.5051972E-01  -0.1897512E-02
      950.    0.5683778E-01   0.4987227E-01  -0.1666133E-02
      951.    0.5683777E-01   0.4922591E-01  -0.1435230E-02
      952.    0.5683777E-01   0.4858065E-01  -0.1204804E-02
      953.    0.5683776E-01   0.4793651E-01  -0.9748564E-03
      954.    0.5683775E-01   0.4729347E-01  -0.7453874E-03
      955.    0.5683774E-01   0.4665156E-01  -0.5163982E-03
      956.    0.5683773E-01   0.4601077E-01  -0.2878900E-03
      957.    0.5683772E-01   0.4537111E-01  -0.5986375E-04
      958.    0.5683771E-01   0.4473259E-01   0.1676795E-03
      959.    0.5683770E-01   0.4409521E-01   0.3947388E-03
      960.    0.5683768E-01   0.4345897E-01   0.6213131E-03
      961.    0.5683767E-01   0.4282389E-01   0.8474014E-03
      962.    0.5683766E-01   0.4218997E-01   0.1073003E-02
      963.    0.5683765E-01   0.4155722E-01   0.1298116E-02
      964.    0.5683764E-01   0.4092563E-01   0.1522740E-02
      965.    0.5683763E-01   0.4029522E-01   0.1746874E-02
      966.    0.5683762E-01   0.3966599E-01   0.1970517E-02
      967.    0.5683761E-01   0.3903795E-01   0.2193668E-02
      968.    0.5683760E-01   0.3841110E-01   0.2416326E-02
      969.    0.5683759E-01   0.3778546E-01   0.2638489E-02
      970.    0.5683758E-01   0.3716101E-01   0.2860158E-02
      971.    0.5683757E-01   0.3653779E-01   0.3081330E-02
      972.    0.5683756E-01   0.3591577E-01   0.3302006E-02
      973.    0.5683754E-01   0.3529499E-01   0.3522183E-02
      974.    0.5683753E-01   0.3467543E-01   0.3741861E-02
      975.    0.5683752E-01   0.3405711E-01   0.3961039E-02
      976.    0.5683751E-01   0.3344002E-01   0.4179715E-02
      977.    0.5683750E-01   0.3282419E-01   0.4397890E-02
      978.    0.5683749E-01   0.3220961E-01   0.4615561E-02
      979.    0.5683748E-01   0.3159630E-01   0.4832729E-02
      980.    0.5683746E-01   0.3098424E-01   0.5049391E-02
      981.    0.5683745E-01   0.3037346E-01   0.5265547E-02
      982.    0.5683744E-01   0.2976396E-01   0.5481196E-02
      983.    0.5683743E-01   0.2915575E-01   0.5696337E-02
      984.    0.5683742E-01   0.2854882E-01   0.5910969E-02
      985.    0.5683740E-01   0.2794319E-01   0.6125091E-02
      986.    0.5683739E-01   0.2733887E-01   0.6338702E-02
      987.    0.5683738E-01   0.2673586E-01   0.6551801E-02
      988.    0.5683737E-01   0.2613416E-01   0.6764388E-02
      989.    0.5683735E-01   0.2553378E-01   0.6976460E-02
      990.    0.5683734E-01   0.2493473E-01   0.7188018E-02
      991.    0.5683733E-01   0.2433702E-01   0.7399060E-02
      992.    0.5683732E-01   0.2374065E-01   0.7609585E-02
      993.    0.5683730E-01   0.2314563E-01   0.7819592E-02
      994.    0.5683729E-01   0.2255196E-01   0.8029081E-02
      995.    0.5683728E-01   0.2195965E-01   0.8238051E-02
      996.    0.5683727E-01   0.2136871E-01   0.8446500E-02
      997.    0.5683725E-01   0.2077914E-01   0.8654428E-02
      998.    0.5683724E-01   0.2019095E-01   0.8861833E-02
      999.    0.5683723E-01   0.1960415E-01   0.9068715E-02
     1000.    0.5683721E-01   0.1901873E-01   0.9275073E-02
     1001.    0.5683720E-01   0.1843472E-01   0.9480906E-02
     1002.    0.5683719E-01   0.1785212E-01   0.9686214E-02
     1003.    0.5683717E-01   0.1727092E-01   0.9890994E-02
     1004.    0.5683716E-01   0.1669115E-01   0.1009525E-01
     1005.    0.5683715E-01   0.1611279E-01   0.1029897E-01
     1006.    0.5683713E-01   0.1553587E-01   0.1050217E-01
     1007.    0.5683712E-01   0.1496039E-01   0.1070483E-01
     1008.    0.5683710E-01   0.1438636E-01   0.1090696E-01
     1009.    0.5126845E-01   0.8180055E-02   0.1158306E-01
     1010.    0.9248725E-02   0.8178649E-02  -0.2209934E-06
     1011.    0.5072129E-01   0.8180040E-02   0.1143580E-01
     1012.    0.5017572E-01   0.8180025E-02   0.1128899E-01
     1013.    0.4963176E-01   0.8180010E-02   0.1114260E-01
     1014.    0.4908940E-01   0.8179994E-02   0.1099665E-01
     1015.    0.4854865E-01   0.8179979E-02   0.1085114E-01
     1016.    0.4800953E-01   0.8179964E-02   0.1070605E-01
     1017.    0.4747203E-01   0.8179949E-02   0.1056140E-01
     1018.    0.4693617E-01   0.8179934E-02   0.1041718E-01
     1019.    0.4640194E-01   0.8179918E-02   0.1027338E-01
     1020.    0.4586937E-01   0.8179903E-02   0.1013002E-01
     1021.    0.4533845E-01   0.8179888E-02   0.9987087E-02
     1022.    0.4480919E-01   0.8179873E-02   0.9844581E-02
     1023.    0.4428160E-01   0.8179857E-02   0.9702501E-02
     1024.    0.4375569E-01   0.8179842E-02   0.9560849E-02
     1025.    0.4323145E-01   0.8179827E-02   0.9419622E-02
     1026.    0.4270891E-01   0.8179811E-02   0.9278821E-02
     1027.    0.4218806E-01   0.8179796E-02   0.9138444E-02
     1028.    0.4166892E-01   0.8179781E-02   0.8998492E-02
     1029.    0.4115149E-01   0.8179765E-02   0.8858962E-02
     1030.    0.4063578E-01   0.8179750E-02   0.8719856E-02
     1031.    0.4012179E-01   0.8179735E-02   0.8581172E-02
     1032.    0.3960953E-01   0.8179719E-02   0.8442909E-02
     1033.    0.3909901E-01   0.8179704E-02   0.8305067E-02
     1034.    0.3859024E-01   0.8179689E-02   0.8167645E-02
     1035.    0.3808322E-01   0.8179673E-02   0.8030643E-02
     1036.    0.3757796E-01   0.8179658E-02   0.7894061E-02
     1037.    0.3707447E-01   0.8179642E-02   0.7757896E-02
     1038.    0.3657275E-01   0.8179627E-02   0.7622150E-02
     1039.    0.3607282E-01   0.8179611E-02   0.7486821E-02
     1040.    0.3557468E-01   0.8179596E-02   0.7351909E-02
     1041.    0.3507833E-01   0.8179581E-02   0.7217412E-02
     1042.    0.3458379E-01   0.8179565E-02   0.7083332E-02
     1043.    0.3409106E-01   0.8179550E-02   0.6949666E-02
     1044.    0.3360015E-01   0.8179534E-02   0.6816415E-02
     1045.    0.3311107E-01   0.8179519E-02   0.6683578E-02
     1046.    0.3262382E-01   0.8179503E-02   0.6551154E-02
     1047.    0.3213841E-01   0.8179488E-02   0.6419143E-02
     1048.    0.3165486E-01   0.8179472E-02   0.6287544E-02
     1049.    0.3117315E-01   0.8179456E-02   0.6156357E-02
     1050.    0.3069332E-01   0.8179441E-02   0.6025581E-02
     1051.    0.3021535E-01   0.8179425E-02   0.5895215E-02
     1052.    0.2973926E-01   0.8179410E-02   0.5765260E-02
     1053.    0.2926507E-01   0.8179394E-02   0.5635714E-02
     1054.    0.2879276E-01   0.8179378E-02   0.5506577E-02
     1055.    0.2832236E-01   0.8179363E-02   0.5377848E-02
     1056.    0.2785386E-01   0.8179347E-02   0.5249528E-02
     1057.    0.2738729E-01   0.8179332E-02   0.5121614E-02
     1058.    0.2692264E-01   0.8179316E-02   0.4994108E-02
     1059.    0.2645992E-01   0.8179300E-02   0.4867008E-02
     1060.    0.2599914E-01   0.8179285E-02   0.4740314E-02
     1061.    0.2554031E-01   0.8179269E-02   0.4614026E-02
     1062.    0.2508343E-01   0.8179253E-02   0.4488142E-02
     1063.    0.2462852E-01   0.8179238E-02   0.4362663E-02
     1064.    0.2417558E-01   0.8179222E-02   0.4237587E-02
     1065.    0.2372462E-01   0.8179206E-02   0.4112915E-02
     1066.    0.2327564E-01   0.8179190E-02   0.3988646E-02
     1067.    0.2282866E-01   0.8179175E-02   0.3864779E-02
     1068.    0.2238368E-01   0.8179159E-02   0.3741314E-02
     1069.    0.2194071E-01   0.8179143E-02   0.3618250E-02
     1070.    0.2149976E-01   0.8179127E-02   0.3495587E-02
     1071.    0.2106083E-01   0.8179111E-02   0.3373325E-02
     1072.    0.2062394E-01   0.8179096E-02   0.3251463E-02
     1073.    0.2018909E-01   0.8179080E-02   0.3130000E-02
     1074.    0.1975629E-01   0.8179064E-02   0.3008936E-02
     1075.    0.1932555E-01   0.8179048E-02   0.2888270E-02
     1076.    0.1889687E-01   0.8179032E-02   0.2768003E-02
     1077.    0.1847026E-01   0.8179017E-02   0.2648133E-02
     1078.    0.1804573E-01   0.8179001E-02   0.2528660E-02
     1079.    0.1762330E-01   0.8178985E-02   0.2409584E-02
     1080.    0.1720295E-01   0.8178969E-02   0.2290904E-02
     1081.    0.1678472E-01   0.8178953E-02   0.2172620E-02
     1082.    0.1636859E-01   0.8178937E-02   0.2054730E-02
     1083.    0.1595459E-01   0.8178921E-02   0.1937236E-02
     1084.    0.1554272E-01   0.8178905E-02   0.1820136E-02
     1085.    0.1513298E-01   0.8178889E-02   0.1703429E-02
     1086.    0.1472538E-01   0.8178873E-02   0.1587116E-02
     1087.    0.1431994E-01   0.8178857E-02   0.1471196E-02
     1088.    0.1391666E-01   0.8178841E-02   0.1355669E-02
     1089.    0.1351555E-01   0.8178825E-02   0.1240533E-02
     1090.    0.1311661E-01   0.8178809E-02   0.1125789E-02
     1091.    0.1271986E-01   0.8178793E-02   0.1011435E-02
     1092.    0.1232530E-01   0.8178777E-02   0.8974729E-03
     1093.    0.1193294E-01   0.8178761E-02   0.7839004E-03
     1094.    0.1154279E-01   0.8178745E-02   0.6707177E-03
     1095.    0.1115486E-01   0.8178729E-02   0.5579242E-03
     1096.    0.1076915E-01   0.8178713E-02   0.4455194E-03
     1097.    0.1038567E-01   0.8178697E-02   0.3335030E-03
     1098.    0.1000444E-01   0.8178681E-02   0.2218744E-03
     1099.    0.9625454E-02   0.8178665E-02   0.1106332E-03
     1100.   -0.2843375E-01   0.8178702E-02  -0.1112557E-01
     1101.    0.8873195E-02   0.8178650E-02  -0.1109017E-03
     1102.    0.8497619E-02   0.8178651E-02  -0.2216032E-03
     1103.    0.8121999E-02   0.8178652E-02  -0.3323255E-03
     1104.    0.7746335E-02   0.8178653E-02  -0.4430680E-03
     1105.    0.7370628E-02   0.8178654E-02  -0.5538304E-03
     1106.    0.6994878E-02   0.8178655E-02  -0.6646126E-03
     1107.    0.6619086E-02   0.8178656E-02  -0.7754141E-03
     1108.    0.6243252E-02   0.8178657E-02  -0.8862346E-03
     1109.    0.5867377E-02   0.8178658E-02  -0.9970738E-03
     1110.    0.5491462E-02   0.8178659E-02  -0.1107931E-02
     1111.    0.5115507E-02   0.8178660E-02  -0.1218807E-02
     1112.    0.4739513E-02   0.8178661E-02  -0.1329700E-02
     1113.    0.4363480E-02   0.8178662E-02  -0.1440611E-02
     1114.    0.3987410E-02   0.8178663E-02  -0.1551539E-02
     1115.    0.3611301E-02   0.8178664E-02  -0.1662484E-02
     1116.    0.3235156E-02   0.8178665E-02  -0.1773445E-02
     1117.    0.2858975E-02   0.8178666E-02  -0.1884423E-02
     1118.    0.2482758E-02   0.8178666E-02  -0.1995416E-02
     1119.    0.2106507E-02   0.8178667E-02  -0.2106425E-02
     1120.    0.1730221E-02   0.8178668E-02  -0.2217449E-02
     1121.    0.1353901E-02   0.8178669E-02  -0.2328489E-02
     1122.    0.9775476E-03   0.8178670E-02  -0.2439542E-02
     1123.    0.6011621E-03   0.8178671E-02  -0.2550610E-02
     1124.    0.2247446E-03   0.8178671E-02  -0.2661693E-02
     1125.   -0.1517041E-03   0.8178672E-02  -0.2772789E-02
     1126.   -0.5281835E-03   0.8178673E-02  -0.2883898E-02
     1127.   -0.9046929E-03   0.8178674E-02  -0.2995020E-02
     1128.   -0.1281232E-02   0.8178675E-02  -0.3106156E-02
     1129.   -0.1657800E-02   0.8178675E-02  -0.3217304E-02
     1130.   -0.2034395E-02   0.8178676E-02  -0.3328464E-02
     1131.   -0.2411019E-02   0.8178677E-02  -0.3439636E-02
     1132.   -0.2787669E-02   0.8178678E-02  -0.3550819E-02
     1133.   -0.3164346E-02   0.8178678E-02  -0.3662015E-02
     1134.   -0.3541049E-02   0.8178679E-02  -0.3773221E-02
     1135.   -0.3917776E-02   0.8178680E-02  -0.3884438E-02
     1136.   -0.4294529E-02   0.8178680E-02  -0.3995665E-02
     1137.   -0.4671305E-02   0.8178681E-02  -0.4106903E-02
     1138.   -0.5048104E-02   0.8178682E-02  -0.4218151E-02
     1139.   -0.5424927E-02   0.8178682E-02  -0.4329408E-02
     1140.   -0.5801771E-02   0.8178683E-02  -0.4440675E-02
     1141.   -0.6178637E-02   0.8178684E-02  -0.4551951E-02
     1142.   -0.6555524E-02   0.8178684E-02  -0.4663236E-02
     1143.   -0.6932431E-02   0.8178685E-02  -0.4774530E-02
     1144.   -0.7309358E-02   0.8178686E-02  -0.4885832E-02
     1145.   -0.7686304E-02   0.8178686E-02  -0.4997142E-02
     1146.   -0.8063269E-02   0.8178687E-02  -0.5108460E-02
     1147.   -0.8440252E-02   0.8178687E-02  -0.5219785E-02
     1148.   -0.8817252E-02   0.8178688E-02  -0.5331118E-02
     1149.   -0.9194270E-02   0.8178688E-02  -0.5442458E-02
     1150.   -0.9571303E-02   0.8178689E-02  -0.5553805E-02
     1151.   -0.9948353E-02   0.8178690E-02  -0.5665158E-02
     1152.   -0.1032542E-01   0.8178690E-02  -0.5776518E-02
     1153.   -0.1070250E-01   0.8178691E-02  -0.5887884E-02
     1154.   -0.1107959E-01   0.8178691E-02  -0.5999256E-02
     1155.   -0.1145670E-01   0.8178692E-02  -0.6110633E-02
     1156.   -0.1183382E-01   0.8178692E-02  -0.6222016E-02
     1157.   -0.1221095E-01   0.8178693E-02  -0.6333404E-02
     1158.   -0.1258810E-01   0.8178693E-02  -0.6444797E-02
     1159.   -0.1296525E-01   0.8178693E-02  -0.6556195E-02
     1160.   -0.1334242E-01   0.8178694E-02  -0.6667598E-02
     1161.   -0.1371960E-01   0.8178694E-02  -0.6779005E-02
     1162.   -0.1409679E-01   0.8178695E-02  -0.6890416E-02
     1163.   -0.1447399E-01   0.8178695E-02  -0.7001831E-02
     1164.   -0.1485120E-01   0.8178695E-02  -0.7113250E-02
     1165.   -0.1522841E-01   0.8178696E-02  -0.7224672E-02
     1166.   -0.1560564E-01   0.8178696E-02  -0.7336098E-02
     1167.   -0.1598287E-01   0.8178697E-02  -0.7447527E-02
     1168.   -0.1636011E-01   0.8178697E-02  -0.7558959E-02
     1169.   -0.1673736E-01   0.8178697E-02  -0.7670394E-02
     1170.   -0.1711461E-01   0.8178698E-02  -0.7781832E-02
     1171.   -0.1749187E-01   0.8178698E-02  -0.7893272E-02
     1172.   -0.1786914E-01   0.8178698E-02  -0.8004715E-02
     1173.   -0.1824641E-01   0.8178699E-02  -0.8116160E-02
     1174.   -0.1862369E-01   0.8178699E-02  -0.8227607E-02
     1175.   -0.1900097E-01   0.8178699E-02  -0.8339056E-02
     1176.   -0.1937826E-01   0.8178699E-02  -0.8450506E-02
     1177.   -0.1975555E-01   0.8178700E-02  -0.8561958E-02
     1178.   -0.2013284E-01   0.8178700E-02  -0.8673412E-02
     1179.   -0.2051014E-01   0.8178700E-02  -0.8784867E-02
     1180.   -0.2088744E-01   0.8178700E-02  -0.8896323E-02
     1181.   -0.2126474E-01   0.8178700E-02  -0.9007781E-02
     1182.   -0.2164205E-01   0.8178701E-02  -0.9119239E-02
     1183.   -0.2201936E-01   0.8178701E-02  -0.9230699E-02
     1184.   -0.2239667E-01   0.8178701E-02  -0.9342159E-02
     1185.   -0.2277398E-01   0.8178701E-02  -0.9453620E-02
     1186.   -0.2315129E-01   0.8178701E-02  -0.9565082E-02
     1187.   -0.2352861E-01   0.8178702E-02  -0.9676544E-02
     1188.   -0.2390592E-01   0.8178702E-02  -0.9788006E-02
     1189.   -0.2428324E-01   0.8178702E-02  -0.9899469E-02
     1190.   -0.2466056E-01   0.8178702E-02  -0.1001093E-01
     1191.   -0.2503788E-01   0.8178702E-02  -0.1012240E-01
     1192.   -0.2541520E-01   0.8178702E-02  -0.1023386E-01
     1193.   -0.2579252E-01   0.8178702E-02  -0.1034532E-01
     1194.   -0.2616984E-01   0.8178702E-02  -0.1045679E-01
     1195.   -0.2654716E-01   0.8178702E-02  -0.1056825E-01
     1196.   -0.2692448E-01   0.8178702E-02  -0.1067971E-01
     1197.   -0.2730179E-01   0.8178702E-02  -0.1079118E-01
     1198.   -0.2767911E-01   0.8178702E-02  -0.1090264E-01
     1199.   -0.2805643E-01   0.8178702E-02  -0.1101411E-01
     1200.    0.0000000E+00   0.0000000E+00   0.0000000E+00
     1201.    0.9121249E-02   0.8068098E-02  -0.2192255E-06
     1202.    0.8994320E-02   0.7957963E-02  -0.2174576E-06
     1203.    0.8867948E-02   0.7848250E-02  -0.2156896E-06
     1204.    0.8742139E-02   0.7738968E-02  -0.2139217E-06
     1205.    0.8616901E-02   0.7630124E-02  -0.2121538E-06
     1206.    0.8492242E-02   0.7521725E-02  -0.2103858E-06
     1207.    0.8368170E-02   0.7413778E-02  -0.2086179E-06
     1208.    0.8244691E-02   0.7306293E-02  -0.2068500E-06
     1209.    0.8121813E-02   0.7199275E-02  -0.2050820E-06
     1210.    0.7999545E-02   0.7092732E-02  -0.2033141E-06
     1211.    0.7877893E-02   0.6986673E-02  -0.2015461E-06
     1212.    0.7756865E-02   0.6881105E-02  -0.1997782E-06
     1213.    0.7636470E-02   0.6776035E-02  -0.1980103E-06
     1214.    0.7516713E-02   0.6671470E-02  -0.1962423E-06
     1215.    0.7397604E-02   0.6567419E-02  -0.1944744E-06
     1216.    0.7279149E-02   0.6463889E-02  -0.1927064E-06
     1217.    0.7161357E-02   0.6360888E-02  -0.1909385E-06
     1218.    0.7044235E-02   0.6258422E-02  -0.1891706E-06
     1219.    0.6927790E-02   0.6156501E-02  -0.1874026E-06
     1220.    0.6812030E-02   0.6055130E-02  -0.1856347E-06
     1221.    0.6696963E-02   0.5954319E-02  -0.1838667E-06
     1222.    0.6582596E-02   0.5854074E-02  -0.1820988E-06
     1223.    0.6468938E-02   0.5754403E-02  -0.1803309E-06
     1224.    0.6355995E-02   0.5655314E-02  -0.1785629E-06
     1225.    0.6243776E-02   0.5556815E-02  -0.1767950E-06
     1226.    0.6132288E-02   0.5458912E-02  -0.1750270E-06
     1227.    0.6021538E-02   0.5361614E-02  -0.1732591E-06
     1228.    0.5911535E-02   0.5264928E-02  -0.1714911E-06
     1229.    0.5802286E-02   0.5168862E-02  -0.1697232E-06
     1230.    0.5693798E-02   0.5073424E-02  -0.1679553E-06
     1231.    0.5586080E-02   0.4978620E-02  -0.1661873E-06
     1232.    0.5479139E-02   0.4884460E-02  -0.1644194E-06
     1233.    0.5372983E-02   0.4790949E-02  -0.1626514E-06
     1234.    0.5267619E-02   0.4698097E-02  -0.1608835E-06
     1235.    0.5163055E-02   0.4605910E-02  -0.1591155E-06
     1236.    0.5059299E-02   0.4514397E-02  -0.1573476E-06
     1237.    0.4956359E-02   0.4423564E-02  -0.1555797E-06
     1238.    0.4854241E-02   0.4333420E-02  -0.1538117E-06
     1239.    0.4752955E-02   0.4243973E-02  -0.1520438E-06
     1240.    0.4652507E-02   0.4155229E-02  -0.1502758E-06
     1241.    0.4552905E-02   0.4067197E-02  -0.1485079E-06
     1242.    0.4454158E-02   0.3979884E-02  -0.1467399E-06
     1243.    0.4356272E-02   0.3893297E-02  -0.1449720E-06
     1244.    0.4259255E-02   0.3807446E-02  -0.1432040E-06
     1245.    0.4163116E-02   0.3722336E-02  -0.1414361E-06
     1246.    0.4067861E-02   0.3637977E-02  -0.1396681E-06
     1247.    0.3973499E-02   0.3554375E-02  -0.1379002E-06
     1248.    0.3880037E-02   0.3471538E-02  -0.1361323E-06
     1249.    0.3787484E-02   0.3389474E-02  -0.1343643E-06
     1250.    0.3695846E-02   0.3308191E-02  -0.1325964E-06
     1251.    0.3605131E-02   0.3227696E-02  -0.1308284E-06
     1252.    0.3515348E-02   0.3147996E-02  -0.1290605E-06
     1253.    0.3426503E-02   0.3069101E-02  -0.1272925E-06
     1254.    0.3338605E-02   0.2991017E-02  -0.1255246E-06
     1255.    0.3251662E-02   0.2913751E-02  -0.1237566E-06
     1256.    0.3165680E-02   0.2837313E-02  -0.1219887E-06
     1257.    0.3080669E-02   0.2761708E-02  -0.1202207E-06
     1258.    0.2996635E-02   0.2686946E-02  -0.1184528E-06
     1259.    0.2913586E-02   0.2613033E-02  -0.1166848E-06
     1260.    0.2831531E-02   0.2539978E-02  -0.1149169E-06
     1261.    0.2750476E-02   0.2467788E-02  -0.1131489E-06
     1262.    0.2670430E-02   0.2396471E-02  -0.1113810E-06
     1263.    0.2591400E-02   0.2326035E-02  -0.1096130E-06
     1264.    0.2513394E-02   0.2256486E-02  -0.1078451E-06
     1265.    0.2436420E-02   0.2187834E-02  -0.1060771E-06
     1266.    0.2360486E-02   0.2120085E-02  -0.1043092E-06
     1267.    0.2285599E-02   0.2053247E-02  -0.1025412E-06
     1268.    0.2211767E-02   0.1987329E-02  -0.1007733E-06
     1269.    0.2138998E-02   0.1922337E-02  -0.9900533E-07
     1270.    0.2067300E-02   0.1858280E-02  -0.9723738E-07
     1271.    0.1996680E-02   0.1795164E-02  -0.9546943E-07
     1272.    0.1927146E-02   0.1732999E-02  -0.9370148E-07
     1273.    0.1858706E-02   0.1671791E-02  -0.9193353E-07
     1274.    0.1791367E-02   0.1611549E-02  -0.9016558E-07
     1275.    0.1725138E-02   0.1552279E-02  -0.8839763E-07
     1276.    0.1660026E-02   0.1493991E-02  -0.8662968E-07
     1277.    0.1596040E-02   0.1436690E-02  -0.8486173E-07
     1278.    0.1533185E-02   0.1380386E-02  -0.8309378E-07
     1279.    0.1471472E-02   0.1325086E-02  -0.8132583E-07
     1280.    0.1410906E-02   0.1270797E-02  -0.7955788E-07
     1281.    0.1351497E-02   0.1217528E-02  -0.7778993E-07
     1282.    0.1293252E-02   0.1165285E-02  -0.7602197E-07
     1283.    0.1236178E-02   0.1114077E-02  -0.7425402E-07
     1284.    0.1180283E-02   0.1063912E-02  -0.7248607E-07
     1285.    0.1125575E-02   0.1014797E-02  -0.7071812E-07
     1286.    0.1072063E-02   0.9667395E-03  -0.6895017E-07
     1287.    0.1019753E-02   0.9197479E-03  -0.6718222E-07
     1288.    0.9686532E-03   0.8738295E-03  -0.6541426E-07
     1289.    0.9187718E-03   0.8289923E-03  -0.6364631E-07
     1290.    0.8701165E-03   0.7852437E-03  -0.6187836E-07
     1291.    0.8226949E-03   0.7425917E-03  -0.6011041E-07
     1292.    0.7765149E-03   0.7010439E-03  -0.5834246E-07
     1293.    0.7315842E-03   0.6606080E-03  -0.5657450E-07
     1294.    0.6879106E-03   0.6212919E-03  -0.5480655E-07
     1295.    0.6455018E-03   0.5831030E-03  -0.5303860E-07
     1296.    0.6043658E-03   0.5460494E-03  -0.5127065E-07
     1297.    0.5645101E-03   0.5101385E-03  -0.4950269E-07
     1298.    0.5259427E-03   0.4753782E-03  -0.4773474E-07
     1299.    0.4886713E-03   0.4417762E-03  -0.4596679E-07
     1300.    0.4527036E-03   0.4093403E-03  -0.4419883E-07
     1301.    0.4180475E-03   0.3780780E-03  -0.4243088E-07
     1302.    0.3847107E-03   0.3479973E-03  -0.4066293E-07
     1303.    0.3527011E-03   0.3191057E-03  -0.3889498E-07
     1304.    0.3220263E-03   0.2914111E-03  -0.3712702E-07
     1305.    0.2926943E-03   0.2649211E-03  -0.3535907E-07
     1306.    0.2647127E-03   0.2396435E-03  -0.3359112E-07
     1307.    0.2380893E-03   0.2155861E-03  -0.3182316E-07
     1308.    0.2128320E-03   0.1927564E-03  -0.3005521E-07
     1309.    0.1889484E-03   0.1711623E-03  -0.2828726E-07
     1310.    0.1664465E-03   0.1508116E-03  -0.2651930E-07
     1311.    0.1453339E-03   0.1317118E-03  -0.2475135E-07
     1312.    0.1256185E-03   0.1138708E-03  -0.2298340E-07
     1313.    0.1073080E-03   0.9729622E-04  -0.2121544E-07
     1314.    0.9041026E-04   0.8199588E-04  -0.1944749E-07
     1315.    0.7493300E-04   0.6797748E-04  -0.1767954E-07
     1316.    0.6088402E-04   0.5524874E-04  -0.1591158E-07
     1317.    0.4827110E-04   0.4381738E-04  -0.1414363E-07
     1318.    0.3710203E-04   0.3369115E-04  -0.1237568E-07
     1319.    0.2738459E-04   0.2487776E-04  -0.1060772E-07
     1320.    0.1912656E-04   0.1738495E-04  -0.8839768E-08
     1321.    0.1233573E-04   0.1122044E-04  -0.7071814E-08
     1322.    0.7019876E-05   0.6391960E-05  -0.5303861E-08
     1323.    0.3186781E-05   0.2907242E-05  -0.3535907E-08
     1324.    0.8442278E-06   0.7740127E-06  -0.1767954E-08
     1325.    0.0000000E+00   0.0000000E+00   0.0000000E+00
     1326.    0.1645904E-01   0.1175457E-04   0.2981479E-02
     1327.    0.1615707E-01   0.1163583E-04   0.2903247E-02
     1328.    0.1585730E-01   0.1151710E-04   0.2826364E-02
     1329.    0.1555974E-01   0.1139837E-04   0.2750819E-02
     1330.    0.1526441E-01   0.1127964E-04   0.2676601E-02
     1331.    0.1497133E-01   0.1116090E-04   0.2603698E-02
     1332.    0.1468051E-01   0.1104217E-04   0.2532099E-02
     1333.    0.1439198E-01   0.1092344E-04   0.2461793E-02
     1334.    0.1410574E-01   0.1080471E-04   0.2392768E-02
     1335.    0.1382183E-01   0.1068597E-04   0.2325012E-02
     1336.    0.1354024E-01   0.1056724E-04   0.2258515E-02
     1337.    0.1326101E-01   0.1044851E-04   0.2193265E-02
     1338.    0.1298416E-01   0.1032978E-04   0.2129251E-02
     1339.    0.1270969E-01   0.1021104E-04   0.2066460E-02
     1340.    0.1243762E-01   0.1009231E-04   0.2004883E-02
     1341.    0.1216798E-01   0.9973578E-05   0.1944507E-02
     1342.    0.1190078E-01   0.9854845E-05   0.1885321E-02
     1343.    0.1163605E-01   0.9736113E-05   0.1827314E-02
     1344.    0.1137379E-01   0.9617380E-05   0.1770475E-02
     1345.    0.1111402E-01   0.9498647E-05   0.1714791E-02
     1346.    0.1085677E-01   0.9379914E-05   0.1660252E-02
     1347.    0.1060205E-01   0.9261182E-05   0.1606847E-02
     1348.    0.1034987E-01   0.9142449E-05   0.1554563E-02
     1349.    0.1010027E-01   0.9023716E-05   0.1503390E-02
     1350.    0.9853243E-02   0.8904983E-05   0.1453316E-02
     1351.    0.9608822E-02   0.8786250E-05   0.1404330E-02
     1352.    0.9367021E-02   0.8667517E-05   0.1356420E-02
     1353.    0.9127857E-02   0.8548785E-05   0.1309575E-02
     1354.    0.8891349E-02   0.8430052E-05   0.1263785E-02
     1355.    0.8657515E-02   0.8311319E-05   0.1219036E-02
     1356.    0.8426371E-02   0.8192586E-05   0.1175319E-02
     1357.    0.8197937E-02   0.8073853E-05   0.1132621E-02
     1358.    0.7972229E-02   0.7955120E-05   0.1090932E-02
     1359.    0.7749266E-02   0.7836387E-05   0.1050239E-02
     1360.    0.7529066E-02   0.7717654E-05   0.1010532E-02
     1361.    0.7311646E-02   0.7598921E-05   0.9717998E-03
     1362.    0.7097024E-02   0.7480189E-05   0.9340302E-03
     1363.    0.6885219E-02   0.7361456E-05   0.8972120E-03
     1364.    0.6676247E-02   0.7242723E-05   0.8613340E-03
     1365.    0.6470128E-02   0.7123990E-05   0.8263849E-03
     1366.    0.6266879E-02   0.7005257E-05   0.7923532E-03
     1367.    0.6066517E-02   0.6886524E-05   0.7592277E-03
     1368.    0.5869061E-02   0.6767791E-05   0.7269970E-03
     1369.    0.5674528E-02   0.6649058E-05   0.6956496E-03
     1370.    0.5482937E-02   0.6530325E-05   0.6651744E-03
     1371.    0.5294305E-02   0.6411592E-05   0.6355598E-03
     1372.    0.5108650E-02   0.6292859E-05   0.6067947E-03
     1373.    0.4925991E-02   0.6174126E-05   0.5788675E-03
     1374.    0.4746345E-02   0.6055393E-05   0.5517671E-03
     1375.    0.4569729E-02   0.5936659E-05   0.5254819E-03
     1376.    0.4396163E-02   0.5817926E-05   0.5000007E-03
     1377.    0.4225663E-02   0.5699193E-05   0.4753122E-03
     1378.    0.4058248E-02   0.5580460E-05   0.4514049E-03
     1379.    0.3893936E-02   0.5461727E-05   0.4282676E-03
     1380.    0.3732745E-02   0.5342994E-05   0.4058888E-03
     1381.    0.3574692E-02   0.5224261E-05   0.3842573E-03
     1382.    0.3419795E-02   0.5105528E-05   0.3633616E-03
     1383.    0.3268073E-02   0.4986795E-05   0.3431905E-03
     1384.    0.3119544E-02   0.4868062E-05   0.3237326E-03
     1385.    0.2974224E-02   0.4749328E-05   0.3049766E-03
     1386.    0.2832133E-02   0.4630595E-05   0.2869110E-03
     1387.    0.2693288E-02   0.4511862E-05   0.2695246E-03
     1388.    0.2557707E-02   0.4393129E-05   0.2528060E-03
     1389.    0.2425409E-02   0.4274396E-05   0.2367438E-03
     1390.    0.2296410E-02   0.4155663E-05   0.2213268E-03
     1391.    0.2170729E-02   0.4036930E-05   0.2065435E-03
     1392.    0.2048384E-02   0.3918196E-05   0.1923827E-03
     1393.    0.1929394E-02   0.3799463E-05   0.1788329E-03
     1394.    0.1813774E-02   0.3680730E-05   0.1658828E-03
     1395.    0.1701545E-02   0.3561997E-05   0.1535212E-03
     1396.    0.1592724E-02   0.3443264E-05   0.1417366E-03
     1397.    0.1487328E-02   0.3324531E-05   0.1305177E-03
     1398.    0.1385376E-02   0.3205797E-05   0.1198531E-03
     1399.    0.1286885E-02   0.3087064E-05   0.1097315E-03
     1400.    0.1191874E-02   0.2968331E-05   0.1001416E-03
     1401.    0.1100361E-02   0.2849598E-05   0.9107202E-04
     1402.    0.1012363E-02   0.2730865E-05   0.8251140E-04
     1403.    0.9278981E-03   0.2612131E-05   0.7444841E-04
     1404.    0.8469850E-03   0.2493398E-05   0.6687169E-04
     1405.    0.7696413E-03   0.2374665E-05   0.5976991E-04
     1406.    0.6958849E-03   0.2255932E-05   0.5313172E-04
     1407.    0.6257338E-03   0.2137198E-05   0.4694578E-04
     1408.    0.5592060E-03   0.2018465E-05   0.4120074E-04
     1409.    0.4963195E-03   0.1899732E-05   0.3588525E-04
     1410.    0.4370921E-03   0.1780999E-05   0.3098798E-04
     1411.    0.3815418E-03   0.1662265E-05   0.2649757E-04
     1412.    0.3296867E-03   0.1543532E-05   0.2240269E-04
     1413.    0.2815447E-03   0.1424799E-05   0.1869199E-04
     1414.    0.2371337E-03   0.1306066E-05   0.1535412E-04
     1415.    0.1964717E-03   0.1187333E-05   0.1237773E-04
     1416.    0.1595767E-03   0.1068599E-05   0.9751496E-05
     1417.    0.1264667E-03   0.9498660E-06   0.7464058E-05
     1418.    0.9715955E-04   0.8311328E-06   0.5504076E-05
     1419.    0.7167328E-04   0.7123995E-06   0.3860204E-05
     1420.    0.5002584E-04   0.5936663E-06   0.2521098E-05
     1421.    0.3223521E-04   0.4749330E-06   0.1475413E-05
     1422.    0.1831935E-04   0.3561998E-06   0.7118059E-06
     1423.    0.8296213E-05   0.2374665E-06   0.2189310E-06
     1424.    0.2183776E-05   0.1187333E-06  -0.1455614E-07
     1425.   -0.1466947E-07  -0.3775803E-03   0.3362261E-04
     1426.    0.1675833E-05  -0.3891219E-03   0.3638265E-04
     1427.    0.4438579E-05  -0.4002576E-03   0.4067912E-04
     1428.    0.8203917E-05  -0.4108702E-03   0.4653465E-04
     1429.    0.1288848E-04  -0.4208544E-03   0.5395657E-04
     1430.    0.1839724E-04  -0.4301184E-03   0.6293622E-04
     1431.    0.2462585E-04  -0.4385854E-03   0.7344854E-04
     1432.    0.3146304E-04  -0.4461942E-03   0.8545176E-04
     1433.    0.3879325E-04  -0.4529003E-03   0.9888724E-04
     1434.    0.4649912E-04  -0.4586754E-03   0.1136796E-03
     1435.    0.5446408E-04  -0.4635074E-03   0.1297369E-03
     1436.    0.6257459E-04  -0.4673996E-03   0.1469511E-03
     1437.    0.7072241E-04  -0.4703696E-03   0.1651988E-03
     1438.    0.7880638E-04  -0.4724475E-03   0.1843420E-03
     1439.    0.8673405E-04  -0.4736751E-03   0.2042290E-03
     1440.    0.8821782E-03  -0.4817750E-03   0.3799947E-02
     1441.    0.9042764E-03  -0.4851045E-03   0.3818997E-02
     1442.    0.9264623E-03  -0.4907148E-03   0.3835552E-02
     1443.    0.9484975E-03  -0.4986536E-03   0.3849443E-02
     1444.    0.9701331E-03  -0.5089427E-03   0.3860529E-02
     1445.    0.9911129E-03  -0.5215755E-03   0.3868701E-02
     1446.    0.1011177E-02  -0.5365158E-03   0.3873886E-02
     1447.    0.1030064E-02  -0.5536968E-03   0.3876045E-02
     1448.    0.1047519E-02  -0.5730202E-03   0.3875172E-02
     1449.    0.1063292E-02  -0.5943565E-03   0.3871299E-02
     1450.    0.1077147E-02  -0.6175455E-03   0.3864490E-02
     1451.    0.1088864E-02  -0.6423976E-03   0.3854843E-02
     1452.    0.1098241E-02  -0.6686959E-03   0.3842489E-02
     1453.    0.1105104E-02  -0.6961980E-03   0.3827589E-02
     1454.    0.1109301E-02  -0.7246392E-03   0.3810333E-02
     1455.    0.1108783E-02  -0.1745380E-02   0.3061693E-02
     1456.    0.1104388E-02  -0.1774959E-02   0.3034428E-02
     1457.    0.1097199E-02  -0.1803651E-02   0.3006813E-02
     1458.    0.1087355E-02  -0.1831173E-02   0.2979181E-02
     1459.    0.1075024E-02  -0.1857263E-02   0.2951871E-02
     1460.    0.1060404E-02  -0.1881681E-02   0.2925219E-02
     1461.    0.1043715E-02  -0.1904214E-02   0.2899558E-02
     1462.    0.1025199E-02  -0.1924677E-02   0.2875213E-02
     1463.    0.1005113E-02  -0.1942917E-02   0.2852498E-02
     1464.    0.9837288E-03  -0.1958816E-02   0.2831710E-02
     1465.    0.9613237E-03  -0.1972286E-02   0.2813129E-02
     1466.    0.9381798E-03  -0.1983275E-02   0.2797010E-02
     1467.    0.9145782E-03  -0.1991764E-02   0.2783586E-02
     1468.    0.8907947E-03  -0.1997767E-02   0.2773058E-02
     1469.    0.8670963E-03  -0.2001329E-02   0.2765597E-02
     1470.    0.5131821E-02  -0.2009191E-02   0.3091722E-02
     1471.    0.5248323E-02  -0.2009590E-02   0.3089371E-02
     1472.    0.5371838E-02  -0.2010276E-02   0.3086838E-02
     1473.    0.5501167E-02  -0.2011285E-02   0.3084161E-02
     1474.    0.5635025E-02  -0.2012651E-02   0.3081385E-02
     1475.    0.5772052E-02  -0.2014397E-02   0.3078561E-02
     1476.    0.5910826E-02  -0.2016539E-02   0.3075747E-02
     1477.    0.6049880E-02  -0.2019083E-02   0.3073001E-02
     1478.    0.6187718E-02  -0.2022025E-02   0.3070386E-02
     1479.    0.6322827E-02  -0.2025352E-02   0.3067963E-02
     1480.    0.6453695E-02  -0.2029037E-02   0.3065791E-02
     1481.    0.6578830E-02  -0.2033046E-02   0.3063925E-02
     1482.    0.6696772E-02  -0.2037335E-02   0.3062416E-02
     1483.    0.6806114E-02  -0.2041852E-02   0.3061304E-02
     1484.    0.6905514E-02  -0.2046538E-02   0.3060624E-02
     1485.    0.3700676E-01   0.1725003E-01   0.3045485E-02
     1486.    0.3728742E-01   0.1760474E-01   0.3003836E-02
     1487.    0.3756374E-01   0.1802571E-01   0.2934608E-02
     1488.    0.3783299E-01   0.1850961E-01   0.2838260E-02
     1489.    0.3809248E-01   0.1905244E-01   0.2715520E-02
     1490.    0.3833962E-01   0.1964964E-01   0.2567384E-02
     1491.    0.3857191E-01   0.2029603E-01   0.2395103E-02
     1492.    0.3878697E-01   0.2098595E-01   0.2200176E-02
     1493.    0.3898260E-01   0.2171324E-01   0.1984338E-02
     1494.    0.3915675E-01   0.2247132E-01   0.1749539E-02
     1495.    0.3930756E-01   0.2325328E-01   0.1497931E-02
     1496.    0.3943342E-01   0.2405187E-01   0.1231845E-02
     1497.    0.3953293E-01   0.2485965E-01   0.9537714E-03
     1498.    0.3960495E-01   0.2566899E-01   0.6663320E-03
     1499.    0.3964859E-01   0.2647221E-01   0.3722590E-03
     1500.    0.3968319E-01   0.1979562E+00  -0.6337654E-01
     1501.    0.3973446E-01   0.1989257E+00  -0.6372213E-01
     1502.    0.3981928E-01   0.1999070E+00  -0.6406073E-01
     1503.    0.3993677E-01   0.2008906E+00  -0.6438907E-01
     1504.    0.4008574E-01   0.2018673E+00  -0.6470402E-01
     1505.    0.4026468E-01   0.2028277E+00  -0.6500256E-01
     1506.    0.4047181E-01   0.2037629E+00  -0.6528184E-01
     1507.    0.4070508E-01   0.2046639E+00  -0.6553922E-01
     1508.    0.4096219E-01   0.2055225E+00  -0.6577225E-01
     1509.    0.4124061E-01   0.2063304E+00  -0.6597874E-01
     1510.    0.4153761E-01   0.2070803E+00  -0.6615676E-01
     1511.    0.4185028E-01   0.2077651E+00  -0.6630465E-01
     1512.    0.4217557E-01   0.2083785E+00  -0.6642105E-01
     1513.    0.4251033E-01   0.2089150E+00  -0.6650491E-01
     1514.    0.4285130E-01   0.2093696E+00  -0.6655550E-01
     1515.    0.5383641E-01   0.2199168E+00  -0.6655651E-01
     1516.    0.5416202E-01   0.2201087E+00  -0.6650822E-01
     1517.    0.5448083E-01   0.2202124E+00  -0.6642837E-01
     1518.    0.5478977E-01   0.2202273E+00  -0.6631784E-01
     1519.    0.5508591E-01   0.2201534E+00  -0.6617778E-01
     1520.    0.5536645E-01   0.2199917E+00  -0.6600965E-01
     1521.    0.5562872E-01   0.2197442E+00  -0.6581515E-01
     1522.    0.5587026E-01   0.2194135E+00  -0.6559624E-01
     1523.    0.5608883E-01   0.2190031E+00  -0.6535511E-01
     1524.    0.5628239E-01   0.2185171E+00  -0.6509414E-01
     1525.    0.5644916E-01   0.2179605E+00  -0.6481591E-01
     1526.    0.5658763E-01   0.2173388E+00  -0.6452317E-01
     1527.    0.5669656E-01   0.2166584E+00  -0.6421876E-01
     1528.    0.5677499E-01   0.2159258E+00  -0.6390565E-01
     1529.    0.5682229E-01   0.2151483E+00  -0.6358688E-01
     1530.    0.5680958E-01   0.1325395E-01   0.1129814E-01
     1531.    0.5672753E-01   0.1270091E-01   0.1147043E-01
     1532.    0.5659201E-01   0.1215994E-01   0.1162388E-01
     1533.    0.5640461E-01   0.1163620E-01   0.1175715E-01
     1534.    0.5616738E-01   0.1113464E-01   0.1186907E-01
     1535.    0.5588287E-01   0.1065998E-01   0.1195871E-01
     1536.    0.5555408E-01   0.1021665E-01   0.1202534E-01
     1537.    0.5518439E-01   0.9808765E-02   0.1206847E-01
     1538.    0.5477759E-01   0.9440061E-02   0.1208783E-01
     1539.    0.5433779E-01   0.9113883E-02   0.1208338E-01
     1540.    0.5386942E-01   0.8833145E-02   0.1205532E-01
     1541.    0.5337714E-01   0.8600304E-02   0.1200407E-01
     1542.    0.5286582E-01   0.8417342E-02   0.1193026E-01
     1543.    0.5234050E-01   0.8285744E-02   0.1183476E-01
     1544.    0.5180631E-01   0.8206492E-02   0.1171860E-01
